KEY_CODE,T000386001,T000386002,T000386003,T000386004
,êlå˚ëçêî,íj,èó,ê¢ë—ëçêî
533800601,10,5,5,5
533800611,7,2,5,4
533800822,10,4,6,4
533802133,5,3,2,4
533802342,5,2,3,3
533802443,6,2,4,3
533802553,4,1,3,2
533802582,5,4,1,5
533802752,70,30,40,30
533802754,56,28,28,21
533802854,42,18,24,21
533802863,18,9,9,9
533802893,59,30,29,24
533802894,74,40,34,32
533802964,22,12,10,11
533802972,26,12,14,9
533802982,62,29,33,31
533802993,81,42,39,36
533803014,148,80,68,44
533803053,105,47,58,32
533803054,75,35,40,28
533803063,20,9,11,6
533803071,14,6,8,5
533803122,40,20,20,12
533803124,68,31,37,23
533803134,96,41,55,33
533803152,82,37,45,26
533803232,161,82,79,60
533803234,91,49,42,26
533803251,126,66,60,41
533803263,197,95,102,74
533803334,50,20,30,1
533803354,261,122,139,83
533803361,283,140,143,114
533803363,195,89,106,63
533803381,9,4,5,6
533803441,224,102,122,78
533803442,345,153,192,105
533803443,260,122,138,112
533803444,343,166,177,120
533803451,33,18,15,13
533803452,124,30,94,4
533803453,119,61,58,47
533803454,162,81,81,56
533803461,91,49,42,44
533803463,76,33,43,25
533803532,97,46,51,39
533803534,71,36,35,10
533803541,298,152,146,112
533803543,57,57,0,10
533803544,140,83,57,38
533803552,360,170,190,103
533803554,150,70,80,53
533803561,266,133,133,89
533803582,10,7,3,6
533803652,99,49,50,24
533803663,256,117,139,85
533803703,123,58,65,46
533803733,23,10,13,9
533803742,36,18,18,13
533803781,4,1,3,3
533803851,97,56,41,40
533803853,172,81,91,58
533803864,41,20,21,22
533803892,24,9,15,13
533803904,57,26,31,20
533803921,10,5,5,8
533803951,296,142,154,95
533803953,287,133,154,93
533803954,73,35,38,22
533803962,83,40,43,25
533804044,15,9,6,15
533804052,56,27,29,18
533804062,20,9,11,6
533804064,20,9,11,6
533804071,15,7,8,5
533804072,48,24,24,15
533804074,48,24,24,15
533804092,113,104,9,3
533804144,50,24,26,15
533804153,52,23,29,15
533804161,56,27,29,18
533804172,91,47,44,20
533804183,40,20,20,8
533804254,59,30,29,20
533804261,61,31,30,19
533804272,51,26,25,18
533804273,27,14,13,9
533804282,36,18,18,7
533804284,63,31,32,13
533804292,36,18,18,7
533804342,52,28,24,12
533804344,112,59,53,24
533804351,50,23,27,14
533804352,66,33,33,19
533804353,316,149,167,85
533804363,28,13,15,9
533804381,30,14,16,9
533804382,31,15,16,9
533804384,28,14,14,6
533804451,46,24,22,15
533804453,48,24,24,15
533804454,43,21,22,14
533804483,28,13,15,6
533804554,5,3,2,2
533804563,4,4,0,4
533804574,61,27,34,12
533804652,5,1,4,1
533804653,5,3,2,2
533804683,12,7,5,3
533804761,8,5,3,2
533804762,22,12,10,5
533804764,23,12,11,5
533804781,23,11,12,5
533804783,24,12,12,5
533804793,73,38,35,20
533804841,9,5,4,2
533804842,10,5,5,2
533804852,8,4,4,1
533804863,30,15,15,8
533804871,26,13,13,5
533804873,48,23,25,12
533804882,74,38,36,20
533804883,1,1,0,1
533804973,4,4,0,4
533804984,29,17,12,10
533804991,33,18,15,10
533804992,69,32,37,16
533805701,13,7,6,2
533805803,50,26,24,13
533805902,52,27,25,13
533805913,53,27,26,13
533806284,1354,1301,53,60
533806293,40,20,20,19
533806373,44,38,6,39
533806391,500,279,221,192
533806392,792,410,382,278
533806393,745,389,356,264
533806394,658,362,296,272
533806491,40,19,21,14
533806591,103,52,51,49
533806883,143,65,78,43
533806884,50,26,24,19
533806892,46,19,27,18
533806894,88,42,46,32
533806974,67,30,37,19
533806981,258,125,133,74
533806982,133,64,69,32
533806983,106,59,47,28
533806984,48,20,28,11
533807002,24,13,11,15
533807012,27,13,14,15
533807013,95,46,49,22
533807031,214,108,106,59
533807033,133,65,68,35
533807034,133,64,69,34
533807041,108,51,57,36
533807042,400,182,218,97
533807044,194,90,104,58
533807051,379,193,186,90
533807052,461,222,239,126
533807053,28,13,15,9
533807054,267,127,140,69
533807061,202,91,111,46
533807062,247,121,126,65
533807063,196,95,101,55
533807071,63,30,33,11
533807074,37,20,17,8
533807081,442,228,214,126
533807082,310,151,159,84
533807083,173,81,92,56
533807104,13,13,0,13
533807113,2,2,0,2
533807132,130,63,67,29
533807134,134,63,71,29
533807142,53,27,26,14
533807144,228,111,117,62
533807151,147,74,73,35
533807152,805,396,409,231
533807153,165,90,75,53
533807154,463,228,235,113
533807161,264,120,144,72
533807162,288,137,151,79
533807163,28,13,15,9
533807164,191,105,86,68
533807171,198,99,99,58
533807172,209,102,107,48
533807173,179,84,95,52
533807174,209,103,106,54
533807182,179,85,94,45
533807183,363,189,174,101
533807201,37,17,20,15
533807202,3,3,0,3
533807203,149,92,57,70
533807204,127,61,66,43
533807212,97,43,54,23
533807234,2,1,1,1
533807241,118,58,60,42
533807251,187,84,103,49
533807252,338,170,168,108
533807254,36,15,21,17
533807274,31,18,13,17
533807282,11,4,7,3
533807283,1115,537,578,327
533807284,96,49,47,35
533807293,61,31,30,25
533807294,126,56,70,47
533807301,1139,610,529,381
533807304,60,29,31,25
533807333,40,21,19,10
533807341,39,20,19,9
533807342,58,30,28,7
533807344,41,20,21,9
533807364,50,10,40,2
533807372,51,28,23,14
533807381,433,212,221,133
533807382,854,404,450,281
533807383,90,44,46,37
533807384,746,363,383,237
533807391,854,426,428,265
533807392,926,443,483,333
533807393,261,121,140,81
533807394,248,115,133,73
533807421,6,2,4,5
533807451,77,38,39,18
533807453,71,35,36,17
533807454,216,110,106,55
533807461,86,44,42,25
533807481,236,113,123,69
533807482,167,82,85,47
533807484,281,134,147,82
533807561,5,5,0,5
533807572,13,8,5,3
533807581,285,138,147,67
533807802,16,9,7,6
533807803,113,61,52,37
533807804,63,33,30,19
533807823,15,7,8,6
533807902,75,38,37,25
533807914,93,44,49,29
533807923,63,31,32,22
533810203,12,5,7,5
533810354,13,6,7,5
533811992,8,6,2,8
533812171,65,29,36,30
533812172,56,26,30,27
533812182,11,4,7,6
533812194,26,10,16,14
533812262,109,45,64,57
533812373,37,13,24,21
533812471,43,20,23,20
533812474,45,19,26,27
533812671,31,15,16,15
533812763,51,25,26,19
533812771,60,26,34,27
533812772,8,3,5,4
533812862,60,30,30,31
533812972,67,24,43,40
533813001,49,22,27,19
533813014,12,5,7,6
533813051,81,35,46,27
533813052,136,59,77,50
533813053,199,110,89,74
533813062,116,51,65,41
533813071,119,59,60,43
533813082,97,45,52,32
533813083,268,116,152,78
533813084,67,29,38,22
533813111,60,37,23,44
533813124,67,32,35,24
533813132,45,21,24,21
533813151,95,50,45,36
533813153,28,19,9,17
533813171,130,56,74,46
533813172,118,59,59,45
533813211,11,2,9,8
533813233,63,33,30,32
533813242,285,134,151,119
533813244,184,87,97,64
533813251,175,77,98,59
533813253,209,108,101,75
533813272,100,56,44,40
533813274,104,58,46,40
533813314,21,8,13,10
533813321,44,19,25,28
533813342,21,10,11,12
533813351,74,32,42,30
533813352,62,29,33,18
533813353,38,14,24,20
533813362,39,20,19,16
533813363,24,11,13,15
533813364,46,21,25,24
533813381,276,134,142,104
533813382,7,3,4,2
533813383,252,113,139,89
533813384,236,110,126,78
533813412,41,17,24,19
533813431,94,41,53,38
533813444,12,5,7,8
533813451,104,46,58,36
533813452,137,68,69,48
533813482,125,59,66,43
533813491,133,61,72,49
533813493,89,44,45,34
533813521,21,7,14,15
533813522,35,17,18,18
533813532,39,18,21,16
533813544,99,50,49,43
533813552,284,129,155,86
533813553,160,69,91,50
533813561,54,27,27,18
533813572,22,7,15,15
533813582,288,144,144,81
533813593,49,23,26,15
533813623,12,5,7,7
533813624,25,13,12,14
533813634,74,33,41,26
533813644,110,60,50,49
533813651,113,48,65,49
533813653,42,18,24,15
533813662,86,41,45,43
533813673,20,9,11,10
533813681,22,9,13,10
533813732,61,26,35,33
533813751,120,63,57,41
533813753,78,37,41,32
533813754,57,28,29,18
533813764,105,52,53,37
533813773,184,91,93,57
533813774,397,182,215,141
533813783,141,72,69,44
533813784,169,80,89,53
533813793,148,66,82,47
533813794,82,42,40,28
533813822,22,11,11,8
533813832,56,29,27,24
533813834,59,25,34,22
533813841,43,19,24,21
533813851,31,16,15,10
533813852,724,349,375,232
533813853,11,5,6,3
533813854,293,143,150,88
533813862,239,107,132,61
533813864,135,69,66,43
533813873,258,120,138,76
533813874,420,212,208,136
533813882,137,62,75,44
533813893,52,22,30,20
533813952,204,106,98,59
533813961,383,184,199,116
533813962,458,213,245,137
533813963,334,157,177,102
533813964,162,83,79,46
533813971,222,107,115,71
533813972,136,56,80,42
533813973,209,93,116,73
533813982,34,16,18,14
533813993,8,5,3,3
533814082,34,19,15,10
533814083,50,25,25,15
533814091,68,37,31,32
533814171,62,28,34,14
533814174,52,26,26,15
533814182,48,23,25,14
533814324,14,8,6,9
533814404,15,8,7,9
533814413,13,6,7,8
533814453,6,4,2,1
533814503,154,71,83,50
533814554,96,87,9,96
533814583,183,93,90,66
533814602,55,30,25,24
533814604,38,15,23,18
533814631,53,26,27,19
533814703,81,41,40,27
533814704,112,49,63,45
533814712,129,64,65,47
533814713,57,29,28,17
533814721,96,46,50,33
533814722,40,17,23,15
533814741,32,12,20,14
533814784,221,103,118,66
533814812,39,20,19,15
533814821,30,13,17,17
533814833,49,24,25,21
533814903,49,23,26,21
533814912,60,28,32,22
533814913,8,3,5,4
533814941,71,31,40,28
533814981,62,28,34,21
533814982,63,27,36,21
533815003,62,32,30,31
533815474,175,80,95,68
533815553,24,12,12,10
533815643,131,66,65,55
533815734,13,10,3,10
533815754,265,133,132,77
533815763,886,430,456,237
533815764,99,48,51,29
533815772,86,30,56,12
533815774,187,91,96,62
533815783,54,32,22,29
533815794,182,99,83,59
533815834,77,34,43,24
533815843,76,35,41,22
533815852,109,51,58,35
533815861,86,45,41,32
533815871,68,35,33,21
533815872,265,124,141,65
533815874,172,73,99,47
533815881,244,116,128,67
533815882,26,15,11,16
533815891,17,10,7,6
533815893,41,18,23,12
533815894,117,52,65,31
533815941,176,88,88,42
533815982,191,98,93,57
533815983,133,71,62,46
533815984,46,29,17,15
533815991,134,71,63,37
533815992,132,66,66,43
533815993,367,186,181,118
533815994,228,119,109,81
533816074,209,98,111,59
533816081,427,205,222,108
533816083,163,82,81,36
533816172,390,198,192,116
533816174,552,276,276,132
533816181,20,11,9,4
533816183,163,79,84,37
533816192,167,81,86,53
533816271,87,37,50,24
533816272,135,69,66,36
533816343,39,21,18,16
533816354,217,112,105,75
533816364,533,277,256,183
533816372,4,2,2,2
533816373,735,556,179,505
533816374,276,120,156,94
533816384,49,24,25,15
533816393,77,40,37,18
533816394,49,20,29,18
533816434,63,31,32,31
533816461,274,274,0,3
533816462,15,9,6,5
533816463,41,23,18,12
533816464,351,173,178,105
533816471,305,167,138,85
533816473,79,45,34,16
533816474,309,147,162,80
533816482,293,150,143,72
533816483,538,279,259,131
533816484,714,356,358,159
533816491,179,94,85,49
533816493,189,93,96,45
533816511,32,17,15,9
533816533,15,8,7,6
533816534,133,63,70,30
533816541,643,319,324,203
533816542,210,101,109,29
533816543,266,125,141,76
533816551,38,17,21,10
533816552,101,57,44,21
533816553,56,27,29,27
533816561,203,98,105,48
533816562,268,130,138,60
533816563,186,90,96,40
533816571,552,254,298,144
533816572,188,99,89,44
533816574,51,23,28,15
533816581,308,152,156,70
533816582,478,225,253,107
533816584,216,113,103,47
533816591,116,57,59,32
533816612,18,8,10,5
533816614,6,3,3,3
533816622,153,79,74,57
533816623,582,285,297,52
533816624,838,413,425,289
533816631,100,46,54,35
533816632,556,275,281,154
533816633,432,211,221,135
533816634,568,275,293,202
533816641,548,269,279,144
533816642,46,13,33,30
533816643,565,280,285,196
533816644,36,16,20,7
533816651,371,185,186,141
533816653,367,181,186,108
533816691,33,19,14,9
533816703,156,80,76,50
533816721,10,9,1,8
533816722,943,469,474,353
533816723,76,26,50,22
533816724,1024,520,504,374
533816731,1321,632,689,490
533816732,754,374,380,247
533816733,1007,521,486,416
533816734,1275,627,648,472
533816741,1093,547,546,391
533816742,179,90,89,63
533816743,1054,524,530,340
533816744,405,207,198,120
533816751,355,166,189,98
533816752,173,90,83,57
533816753,719,361,358,197
533816754,15,8,7,5
533816801,105,49,56,30
533816802,361,181,180,140
533816803,338,172,166,109
533816804,114,57,57,43
533816811,83,57,26,2
533816812,64,28,36,25
533816813,327,166,161,126
533816814,40,18,22,13
533816821,53,24,29,18
533816822,773,384,389,284
533816823,639,332,307,261
533816824,449,241,208,203
533816831,1020,514,506,346
533816832,1247,580,667,409
533816833,1203,581,622,422
533816834,1290,617,673,458
533816841,1013,486,527,318
533816842,386,198,188,122
533816843,1494,692,802,469
533816844,958,450,508,277
533816851,1074,526,548,287
533816852,988,494,494,248
533816853,828,413,415,229
533816854,753,357,396,195
533816864,5,3,2,1
533816901,528,260,268,164
533816902,656,326,330,205
533816904,600,287,313,194
533816911,826,403,423,282
533816912,282,141,141,79
533816913,987,489,498,301
533816914,1333,640,693,422
533816921,894,403,491,304
533816922,159,89,70,47
533816923,183,92,91,53
533816924,24,10,14,9
533816931,1200,614,586,425
533816932,1608,761,847,608
533816933,923,457,466,275
533816934,952,447,505,285
533816941,1780,821,959,590
533816942,1064,514,550,313
533816943,1011,477,534,303
533816944,1167,571,596,320
533816951,614,304,310,185
533816952,940,466,474,234
533816953,330,166,164,97
533816954,408,203,205,108
533816961,789,388,401,201
533816962,1240,611,629,306
533816963,844,429,415,225
533816964,396,195,201,94
533816971,118,57,61,31
533817003,141,75,66,54
533817013,59,27,32,22
533817022,91,52,39,46
533817023,92,49,43,22
533817033,146,73,73,92
533817114,81,50,31,31
533817121,616,312,304,149
533817123,145,75,70,41
533817222,87,44,43,27
533817503,59,29,30,19
533817764,209,108,101,53
533817863,7,3,4,4
533817874,131,64,67,33
533817981,160,78,82,38
533820323,26,12,14,11
533820424,27,12,15,11
533820433,29,12,17,11
533820461,34,17,17,15
533820524,29,14,15,13
533820622,30,15,15,13
533820633,133,64,69,54
533820641,37,19,18,15
533820642,34,16,18,14
533820643,63,28,35,20
533820644,35,17,18,14
533820731,118,57,61,50
533820732,89,37,52,34
533820733,171,87,84,72
533820743,39,20,19,14
533820831,34,18,16,13
533820924,61,26,35,26
533820934,29,15,14,9
533820941,33,16,17,9
533820944,27,16,11,14
533822253,65,29,36,36
533822344,31,15,16,18
533822642,66,32,34,40
533822941,57,36,21,35
533823014,137,60,77,57
533823034,140,66,74,52
533823043,145,71,74,45
533823044,11,4,7,7
533823071,124,62,62,40
533823072,274,139,135,81
533823074,239,116,123,90
533823082,16,6,10,9
533823083,65,31,34,26
533823093,96,44,52,39
533823112,5,3,2,4
533823114,4,2,2,3
533823151,13,3,10,7
533823161,57,25,32,21
533823163,237,105,132,77
533823164,82,41,41,28
533823171,75,36,39,27
533823181,169,83,86,50
533823212,5,2,3,3
533823253,12,3,9,7
533823261,179,84,95,58
533823292,37,14,23,15
533823293,64,28,36,21
533823294,26,13,13,9
533823334,103,47,56,40
533823352,62,31,31,13
533823361,59,30,29,20
533823382,70,39,31,22
533823384,37,19,18,14
533823394,72,42,30,23
533823441,93,49,44,31
533823443,50,16,34,1
533823452,46,27,19,16
533823461,10,6,4,4
533823462,138,67,71,43
533823463,11,5,6,6
533823464,26,11,15,11
533823472,189,92,97,61
533823473,201,100,101,59
533823474,335,171,164,103
533823484,104,46,58,38
533823491,159,79,80,45
533823541,193,94,99,64
533823542,144,63,81,50
533823561,82,38,44,28
533823562,786,363,423,265
533823563,88,43,45,22
533823564,725,341,384,265
533823571,12,6,6,3
533823572,89,43,46,27
533823573,536,226,310,181
533823583,190,86,104,58
533823631,29,14,15,15
533823641,26,12,14,14
533823661,118,60,58,36
533823662,319,156,163,117
533823663,295,146,149,109
533823664,784,384,400,272
533823671,839,413,426,265
533823673,946,468,478,308
533823681,50,23,27,16
533823682,188,93,95,64
533823684,361,196,165,129
533823693,812,406,406,242
533823694,435,214,221,131
533823752,57,30,27,16
533823753,85,41,44,25
533823754,345,176,169,95
533823761,643,308,335,206
533823762,657,321,336,206
533823763,226,111,115,66
533823764,659,333,326,224
533823771,1070,509,561,349
533823772,101,45,56,26
533823773,911,430,481,290
533823774,229,107,122,62
533823782,6,3,3,1
533823791,698,321,377,185
533823792,1030,508,522,345
533823793,226,122,104,81
533823794,1013,509,504,339
533823824,25,11,14,11
533823851,128,67,61,37
533823852,373,184,189,116
533823854,195,94,101,55
533823861,159,77,82,41
533823862,427,197,230,126
533823863,453,221,232,132
533823864,803,414,389,251
533823871,621,301,320,195
533823872,123,62,61,36
533823873,636,308,328,197
533823884,123,82,41,73
533823891,23,13,10,11
533823892,479,239,240,151
533823894,5,3,2,1
533823923,184,88,96,65
533823924,150,70,80,56
533823952,169,85,84,50
533823954,236,114,122,58
533823961,119,57,62,33
533823962,25,12,13,6
533823963,227,110,117,69
533823964,266,134,132,79
533823971,195,101,94,65
533823973,474,235,239,176
533823991,541,294,247,209
533823993,611,308,303,162
533823994,352,167,185,105
533824001,24,11,13,10
533824031,24,10,14,15
533824044,12,5,7,8
533824101,81,43,38,30
533824163,10,5,5,4
533824203,41,19,22,17
533824213,42,24,18,16
533824343,71,36,35,26
533824354,33,17,16,13
533824392,23,11,12,11
533824393,117,57,60,41
533824394,49,27,22,19
533824431,31,16,15,10
533824434,29,14,15,14
533824464,54,22,32,28
533824472,34,17,17,14
533824481,140,66,74,53
533824522,17,7,10,9
533824603,219,103,116,68
533824604,113,59,54,40
533824701,1045,502,543,365
533824702,722,358,364,232
533824703,788,378,410,263
533824704,634,313,321,197
533824711,626,279,347,162
533824713,241,111,130,70
533824743,337,167,170,96
533824744,106,52,54,34
533824753,283,148,135,82
533824801,172,85,87,62
533824802,264,133,131,82
533824803,799,391,408,285
533824804,7,3,4,1
533824811,157,79,78,54
533824812,480,234,246,150
533824813,110,59,51,35
533824814,102,49,53,28
533824821,217,108,109,67
533824822,247,128,119,65
533824823,118,60,58,37
533824824,48,26,22,13
533824831,20,11,9,9
533824832,130,65,65,39
533824833,404,192,212,110
533824841,148,71,77,49
533824842,381,195,186,110
533824843,526,271,255,158
533824844,311,161,150,86
533824851,134,66,68,34
533824862,305,148,157,75
533824871,589,293,296,162
533824872,11,7,4,3
533824873,133,67,66,41
533824874,306,147,159,84
533824883,130,63,67,27
533824901,130,66,64,36
533824904,233,108,125,67
533824913,171,84,87,47
533824914,292,127,165,74
533824934,572,283,289,171
533824941,63,30,33,17
533824942,260,131,129,73
533824943,269,144,125,103
533824944,91,47,44,27
533824961,135,61,74,30
533824963,225,121,104,56
533824971,154,71,83,45
533824973,339,170,169,88
533825022,167,79,88,47
533825042,44,22,22,14
533825054,57,27,30,16
533825063,66,30,36,17
533825072,80,43,37,22
533825073,164,83,81,47
533825082,16,8,8,5
533825084,163,82,81,62
533825091,204,98,106,64
533825092,640,309,331,187
533825093,999,480,519,297
533825094,1096,519,577,314
533825171,310,157,153,105
533825191,70,38,32,18
533825192,468,233,235,146
533825274,175,81,94,55
533825291,38,15,23,14
533825293,229,104,125,66
533825294,151,77,74,48
533825323,5,2,3,1
533825381,86,47,39,28
533825391,625,287,338,184
533825392,90,45,45,27
533825393,117,59,58,35
533825514,149,67,82,70
533825631,190,89,101,78
533825643,83,36,47,41
533825651,84,40,44,36
533825652,79,38,41,31
533825901,72,39,33,27
533825914,31,18,13,11
533825942,41,19,22,12
533825943,3,3,0,3
533826001,867,410,457,258
533826002,365,182,183,114
533826003,825,391,434,231
533826004,569,269,300,150
533826011,1061,485,576,329
533826012,229,109,120,66
533826013,42,18,24,12
533826014,20,8,12,5
533826031,6,3,3,1
533826032,723,348,375,210
533826034,218,106,112,57
533826041,221,106,115,68
533826042,536,253,283,156
533826051,778,386,392,217
533826052,360,195,165,104
533826053,82,36,46,27
533826054,339,172,167,97
533826061,89,43,46,20
533826063,1383,643,740,486
533826101,130,60,70,31
533826102,82,41,41,23
533826121,493,236,257,176
533826152,27,13,14,8
533826154,209,103,106,64
533826161,401,188,213,111
533826162,196,100,96,51
533826163,512,254,258,137
533826164,573,289,284,156
533826173,183,85,98,55
533826212,170,85,85,49
533826214,78,44,34,25
533826242,5,3,2,1
533826261,471,234,237,125
533826262,538,267,271,137
533826263,84,37,47,27
533826271,706,342,364,213
533826272,244,128,116,73
533826273,269,136,133,81
533826274,980,474,506,287
533826283,745,366,379,225
533826302,52,22,30,13
533826311,92,46,46,26
533826312,246,116,130,69
533826313,202,100,102,66
533826314,685,335,350,208
533826321,323,171,152,91
533826371,236,108,128,70
533826372,657,312,345,184
533826373,342,168,174,99
533826381,334,172,162,106
533826382,691,336,355,193
533826384,261,139,122,82
533826392,302,148,154,89
533826393,198,101,97,65
533826394,622,323,299,187
533826412,265,126,139,76
533826491,398,195,203,142
533826492,870,428,442,255
533826493,8,4,4,2
533826494,727,351,376,216
533826531,3,1,2,1
533826592,68,36,32,23
533826754,14,7,7,6
533826783,229,150,79,120
533826784,177,90,87,57
533826791,132,65,67,38
533826792,125,63,62,35
533826793,319,152,167,100
533826794,60,28,32,14
533826862,104,54,50,18
533826882,104,49,55,30
533826911,143,68,75,32
533827054,8,4,4,6
533827082,173,87,86,44
533827093,199,95,104,47
533827104,221,114,107,65
533827134,112,52,60,27
533827153,149,72,77,37
533827201,157,84,73,46
533827241,173,83,90,46
533827301,247,120,127,66
533827303,233,117,116,71
533827323,108,53,55,34
533827324,366,168,198,112
533827333,258,137,121,69
533827401,900,427,473,314
533827403,289,144,145,108
533827404,560,291,269,208
533827412,684,316,368,567
533827413,560,290,270,220
533827414,902,313,589,714
533827422,508,249,259,134
533827423,410,188,222,319
533827424,541,271,270,164
533827501,232,109,123,65
533827511,90,39,51,45
533827512,973,416,557,574
533827514,101,38,63,48
533827521,904,391,513,553
533827522,345,156,189,103
533827523,1147,531,616,499
533827524,225,102,123,100
533827532,115,53,62,27
533827533,418,209,209,138
533827534,331,171,160,117
533827542,111,58,53,26
533827544,37,24,13,16
533827553,172,79,93,44
533827554,212,107,105,54
533827601,86,45,41,27
533827604,47,22,25,16
533827612,173,78,95,64
533827613,192,104,88,55
533827614,84,39,45,25
533827621,279,125,154,94
533827622,827,389,438,308
533827623,122,58,64,53
533827624,1187,544,643,447
533827633,24,13,11,7
533827634,151,70,81,47
533827641,494,230,264,144
533827642,4,2,2,3
533827643,118,61,57,38
533827691,8,5,3,5
533827701,74,38,36,19
533827703,132,59,73,37
533827704,247,123,124,73
533827711,148,70,78,45
533827712,115,54,61,38
533827713,94,51,43,26
533827714,326,160,166,87
533827721,445,215,230,138
533827722,1007,486,521,339
533827723,319,157,162,88
533827724,578,293,285,196
533827731,437,201,236,146
533827732,231,111,120,65
533827733,649,326,323,193
533827734,35,19,16,14
533827744,272,139,133,88
533827751,131,69,62,36
533827752,170,86,84,48
533827753,168,84,84,52
533827762,176,88,88,55
533827771,10,4,6,2
533827773,65,32,33,18
533827774,269,131,138,75
533827781,150,72,78,36
533827782,288,146,142,83
533827822,9,4,5,3
533827831,970,487,483,261
533827832,343,167,176,115
533827833,242,131,111,98
533827834,237,116,121,76
533827841,7,3,4,1
533827842,127,59,68,45
533827843,854,424,430,296
533827844,135,68,67,43
533827893,109,53,56,29
533827894,2,1,1,1
533827931,84,22,62,12
533827932,100,47,53,29
533827941,500,243,257,175
533827942,86,44,42,25
533827944,211,106,105,69
533827953,131,60,71,43
533827974,57,27,30,21
533830034,182,86,96,77
533830044,19,11,8,9
533830053,29,16,13,14
533830063,60,29,31,23
533830134,61,31,30,32
533830142,23,12,11,9
533830344,15,8,7,6
533830444,17,9,8,6
533830642,18,9,9,6
533830644,20,10,10,6
533832484,9,4,5,3
533832672,1,1,0,1
533832691,47,20,27,12
533832692,32,15,17,10
533832693,5,3,2,1
533832694,214,112,102,74
533833052,65,62,3,64
533833053,71,36,35,21
533833054,161,83,78,44
533833061,279,133,146,75
533833062,253,127,126,68
533833063,183,95,88,45
533833064,500,249,251,141
533833071,879,443,436,304
533833072,198,97,101,59
533833073,837,413,424,269
533833074,390,189,201,131
533833081,209,96,113,67
533833082,270,136,134,72
533833083,728,343,385,217
533833084,728,341,387,228
533833092,165,82,83,60
533833093,40,20,20,22
533833094,91,45,46,29
533833142,138,74,64,38
533833144,191,97,94,59
533833161,385,184,201,98
533833162,152,71,81,52
533833164,276,141,135,84
533833171,644,326,318,228
533833172,262,132,130,96
533833173,591,288,303,178
533833174,65,30,35,19
533833181,235,116,119,68
533833182,448,196,252,116
533833183,134,64,70,43
533833192,60,31,29,20
533833193,638,302,336,181
533833194,588,310,278,186
533833241,75,35,40,23
533833242,61,29,32,18
533833243,37,18,19,7
533833244,317,152,165,84
533833251,188,91,97,52
533833253,100,51,49,28
533833254,256,124,132,79
533833261,299,144,155,81
533833262,673,344,329,245
533833263,177,95,82,55
533833264,721,362,359,248
533833271,782,416,366,174
533833272,813,389,424,249
533833273,954,458,496,319
533833274,488,237,251,166
533833282,389,198,191,105
533833283,300,148,152,97
533833284,525,252,273,154
533833291,721,333,388,205
533833292,336,169,167,97
533833293,239,117,122,64
533833294,17,7,10,5
533833342,262,124,138,82
533833344,123,59,64,36
533833352,249,115,134,71
533833353,87,41,46,21
533833354,140,56,84,29
533833361,600,290,310,158
533833362,779,391,388,265
533833363,687,360,327,246
533833364,420,201,219,143
533833371,971,469,502,310
533833372,367,184,183,104
533833373,1182,575,607,422
533833374,199,89,110,65
533833381,586,292,294,177
533833382,328,164,164,97
533833383,25,14,11,7
533833384,116,54,62,36
533833391,500,242,258,132
533833392,343,163,180,104
533833393,459,223,236,144
533833394,670,315,355,184
533833422,7,3,4,3
533833451,158,80,78,44
533833452,533,267,266,156
533833461,5,2,3,1
533833462,49,13,36,4
533833463,332,155,177,90
533833464,511,250,261,159
533833471,62,27,35,21
533833472,521,261,260,165
533833473,221,114,107,74
533833481,653,315,338,197
533833482,729,337,392,222
533833483,190,83,107,65
533833491,187,91,96,54
533833492,648,313,335,181
533833493,100,49,51,27
533833494,496,242,254,151
533833542,137,67,70,36
533833551,293,139,154,81
533833553,277,130,147,79
533833554,83,37,46,22
533833561,435,212,223,116
533833562,224,107,117,61
533833563,275,136,139,72
533833564,408,207,201,144
533833571,524,265,259,155
533833572,592,285,307,166
533833573,958,478,480,312
533833574,123,60,63,34
533833581,457,212,245,160
533833583,623,316,307,199
533833584,14,8,6,4
533833591,315,153,162,89
533833592,407,195,212,138
533833593,111,61,50,39
533833594,287,147,140,106
533833601,29,14,15,10
533833603,155,77,78,59
533833604,7,3,4,3
533833613,78,38,40,24
533833652,199,99,100,56
533833653,101,42,59,22
533833654,238,121,117,75
533833662,88,40,48,26
533833663,583,299,284,198
533833664,150,76,74,43
533833671,945,443,502,316
533833672,34,14,20,10
533833673,759,349,410,239
533833674,156,81,75,46
533833681,187,87,100,51
533833682,414,195,219,135
533833683,104,53,51,29
533833684,397,197,200,119
533833691,103,46,57,30
533833692,427,203,224,131
533833693,90,46,44,32
533833694,475,232,243,159
533833751,356,177,179,101
533833752,20,8,12,4
533833753,343,162,181,96
533833754,121,64,57,28
533833761,396,200,196,114
533833762,287,146,141,80
533833763,147,64,83,37
533833771,428,192,236,111
533833773,297,150,147,93
533833774,212,121,91,74
533833782,208,104,104,60
533833791,460,232,228,136
533833792,10,5,5,2
533833793,4,2,2,1
533833822,46,21,25,11
533833823,7,5,2,3
533833832,43,20,23,13
533833833,1,0,1,1
533833834,14,8,6,4
533833842,120,54,66,39
533833843,67,32,35,18
533833851,319,158,161,83
533833853,744,372,372,214
533833854,173,83,90,46
533833861,6,4,2,1
533833864,172,86,86,46
533833871,396,192,204,120
533833872,249,124,125,67
533833873,723,353,370,226
533833874,38,18,20,10
533833881,116,56,60,32
533833882,217,106,111,58
533833883,280,142,138,91
533833884,488,246,242,142
533833891,357,170,187,102
533833893,353,164,189,101
533833894,148,72,76,54
533833932,141,67,74,36
533833942,279,142,137,86
533833944,87,56,31,2
533833951,530,265,265,175
533833952,699,354,345,250
533833953,416,248,168,67
533833961,544,278,266,184
533833962,661,339,322,219
533833963,83,41,42,14
533833964,210,112,98,57
533833971,658,319,339,200
533833972,714,332,382,248
533833973,821,421,400,243
533833974,452,228,224,164
533833981,672,275,397,187
533833982,136,72,64,47
533833983,658,343,315,222
533833984,680,336,344,203
533833991,464,221,243,139
533833992,317,156,161,95
533833993,623,291,332,186
533833994,77,39,38,27
533834001,176,88,88,48
533834003,412,196,216,132
533834004,213,98,115,78
533834011,290,136,154,86
533834012,365,172,193,130
533834013,694,339,355,246
533834014,883,433,450,307
533834021,672,324,348,214
533834023,1830,909,921,588
533834024,141,71,70,42
533834044,21,11,10,5
533834051,21,13,8,8
533834054,132,59,73,68
533834061,276,128,148,62
533834062,3,2,1,2
533834063,210,103,107,51
533834072,33,18,15,9
533834083,213,98,115,71
533834084,208,103,105,54
533834091,99,53,46,29
533834092,169,78,91,44
533834093,365,179,186,94
533834094,26,10,16,7
533834101,684,331,353,205
533834102,219,106,113,69
533834103,430,227,203,137
533834111,1079,549,530,407
533834112,900,419,481,325
533834113,517,257,260,171
533834114,1096,548,548,376
533834121,971,486,485,350
533834122,372,182,190,123
533834123,1042,508,534,394
533834131,292,145,147,93
533834132,226,112,114,67
533834133,79,34,45,24
533834144,138,68,70,40
533834152,595,288,307,178
533834153,186,89,97,62
533834161,115,54,61,30
533834171,113,55,58,30
533834172,174,88,86,52
533834174,280,137,143,75
533834182,205,106,99,50
533834191,19,9,10,5
533834194,116,61,55,34
533834202,8,4,4,2
533834204,295,146,149,84
533834211,54,27,27,16
533834212,469,231,238,158
533834213,254,122,132,72
533834214,942,452,490,354
533834221,802,414,388,293
533834222,595,294,301,208
533834223,233,110,123,83
533834224,75,42,33,28
533834231,403,213,190,179
533834232,633,328,305,196
533834233,197,103,94,100
533834234,467,232,235,192
533834241,107,45,62,26
533834243,9,4,5,2
533834244,157,79,78,49
533834252,188,85,103,56
533834254,129,57,72,37
533834271,137,63,74,33
533834272,292,153,139,80
533834273,302,151,151,94
533834281,44,22,22,12
533834282,15,7,8,5
533834283,397,198,199,114
533834284,4,2,2,1
533834291,320,150,170,99
533834292,245,124,121,71
533834293,400,193,207,117
533834294,6,3,3,2
533834302,757,361,396,231
533834304,164,82,82,44
533834311,24,11,13,7
533834312,1086,568,518,441
533834313,386,190,196,135
533834314,707,353,354,268
533834321,897,461,436,344
533834322,280,84,196,200
533834323,1238,640,598,466
533834324,694,362,332,359
533834331,487,247,240,256
533834332,1395,748,647,664
533834333,1012,512,500,412
533834334,1126,595,531,428
533834341,204,105,99,66
533834342,1117,855,262,197
533834344,641,332,309,216
533834351,769,395,374,289
533834352,333,159,174,102
533834353,1379,699,680,510
533834354,797,400,397,268
533834361,150,74,76,59
533834362,240,126,114,87
533834363,299,145,154,112
533834364,350,169,181,103
533834371,9,4,5,3
533834372,8,4,4,2
533834381,410,196,214,115
533834382,454,226,228,148
533834383,12,7,5,7
533834392,21,11,10,7
533834394,233,101,132,64
533834401,42,33,9,29
533834402,775,380,395,252
533834404,243,117,126,82
533834411,601,291,310,195
533834412,243,124,119,91
533834413,11,5,6,3
533834414,357,164,193,96
533834421,211,104,107,71
533834422,337,169,168,128
533834424,519,227,292,153
533834431,20,13,7,6
533834432,641,346,295,296
533834433,250,122,128,86
533834434,613,339,274,257
533834441,85,61,24,57
533834442,1068,572,496,442
533834443,546,288,258,205
533834444,1446,741,705,500
533834451,1919,947,972,707
533834452,396,203,193,134
533834453,1090,558,532,372
533834454,343,155,188,106
533834462,320,162,158,107
533834463,804,439,365,253
533834464,371,178,193,137
533834471,15,8,7,5
533834472,72,33,39,18
533834474,152,74,78,48
533834481,31,17,14,10
533834482,8,4,4,4
533834483,485,250,235,181
533834484,269,130,139,83
533834492,370,186,184,94
533834493,94,46,48,37
533834494,91,47,44,27
533834512,397,226,171,172
533834513,420,215,205,123
533834514,695,364,331,243
533834521,289,141,148,93
533834522,179,86,93,59
533834523,802,383,419,289
533834524,868,396,472,344
533834531,591,301,290,204
533834532,774,409,365,323
533834533,278,143,135,101
533834534,1106,593,513,488
533834541,1193,624,569,478
533834542,2292,1127,1165,775
533834543,1043,532,511,403
533834544,1316,654,662,538
533834551,666,352,314,253
533834552,1561,775,786,569
533834553,1087,542,545,423
533834554,741,364,377,271
533834561,1145,530,615,391
533834562,176,85,91,48
533834563,831,411,420,323
533834564,810,394,416,286
533834571,141,64,77,47
533834572,299,152,147,104
533834573,353,165,188,112
533834574,728,316,412,158
533834581,792,384,408,255
533834582,465,235,230,148
533834583,542,264,278,163
533834584,532,262,270,173
533834591,922,450,472,300
533834592,559,260,299,166
533834593,526,250,276,161
533834594,279,142,137,95
533834601,33,22,11,19
533834602,82,49,33,43
533834603,21,14,7,11
533834604,665,325,340,239
533834611,998,493,505,335
533834612,1433,762,671,584
533834613,992,531,461,402
533834614,807,410,397,304
533834621,961,457,504,336
533834622,485,261,224,186
533834623,513,259,254,172
533834624,1030,532,498,365
533834631,642,344,298,268
533834632,896,457,439,348
533834633,411,205,206,148
533834634,461,255,206,197
533834641,695,333,362,261
533834642,281,136,145,97
533834643,862,409,453,320
533834644,1430,726,704,555
533834651,937,484,453,392
533834652,1111,566,545,464
533834653,1542,739,803,625
533834654,1665,810,855,692
533834661,1189,572,617,436
533834662,176,86,90,61
533834663,2058,1050,1008,719
533834664,796,393,403,321
533834671,109,61,48,40
533834672,456,210,246,172
533834673,190,99,91,76
533834674,384,195,189,146
533834681,466,239,227,162
533834682,582,300,282,208
533834683,389,195,194,136
533834684,352,177,175,127
533834691,900,438,462,305
533834692,487,230,257,169
533834693,619,297,322,229
533834694,473,245,228,189
533834702,858,440,418,304
533834704,4,2,2,1
533834711,1254,651,603,416
533834712,1075,535,540,391
533834713,655,339,316,246
533834714,1505,760,745,557
533834721,756,393,363,303
533834722,426,213,213,164
533834723,1420,720,700,540
533834724,1310,648,662,510
533834731,232,96,136,86
533834732,357,186,171,163
533834733,563,292,271,273
533834734,1146,545,601,492
533834741,1327,669,658,527
533834742,1810,859,951,704
533834743,1360,678,682,550
533834744,1580,768,812,645
533834751,1579,775,804,606
533834752,1783,821,962,694
533834753,1334,629,705,522
533834754,2022,952,1070,787
533834761,1357,647,710,542
533834762,913,439,474,371
533834763,1438,690,748,533
533834764,1139,565,574,459
533834771,654,336,318,262
533834772,86,46,40,29
533834773,1169,577,592,444
533834774,542,270,272,197
533834781,523,261,262,203
533834782,430,192,238,121
533834783,531,276,255,217
533834784,20,11,9,5
533834791,310,163,147,133
533834792,366,165,201,171
533834793,542,251,291,228
533834794,282,132,150,99
533834802,307,150,157,92
533834803,75,40,35,25
533834804,81,43,38,27
533834811,1294,665,629,436
533834812,1192,579,613,380
533834813,600,316,284,220
533834814,1095,548,547,375
533834821,1278,633,645,439
533834822,773,393,380,302
533834823,950,498,452,367
533834824,1013,494,519,355
533834831,1341,656,685,531
533834832,1029,513,516,428
533834833,1044,491,553,406
533834834,1323,658,665,558
533834841,1732,866,866,777
533834842,1318,650,668,543
533834843,1475,738,737,618
533834844,1670,813,857,669
533834851,1273,615,658,507
533834852,1591,753,838,639
533834853,1215,569,646,540
533834854,2185,996,1189,937
533834861,2012,961,1051,805
533834862,1604,772,832,633
533834863,2371,1114,1257,952
533834864,1797,864,933,628
533834871,2158,1075,1083,773
533834872,593,318,275,238
533834873,1270,683,587,623
533834874,839,507,332,391
533834881,410,226,184,165
533834882,472,236,236,156
533834883,636,381,255,373
533834884,602,362,240,325
533834891,551,268,283,203
533834892,493,248,245,172
533834893,599,224,375,117
533834894,283,134,149,120
533834901,154,77,77,32
533834902,710,343,367,235
533834903,407,216,191,175
533834904,1112,553,559,411
533834911,953,513,440,377
533834912,874,466,408,351
533834913,1247,652,595,528
533834914,1282,639,643,507
533834921,1381,710,671,515
533834922,916,460,456,321
533834923,1105,567,538,457
533834924,3343,1544,1799,1262
533834931,1006,506,500,395
533834932,843,431,412,354
533834933,1324,680,644,478
533834934,1107,540,567,416
533834941,1087,507,580,471
533834942,1788,813,975,847
533834943,890,427,463,378
533834944,1496,714,782,703
533834951,1439,639,800,688
533834952,1199,534,665,512
533834953,1528,728,800,712
533834954,948,475,473,472
533834961,1908,929,979,824
533834962,1716,853,863,774
533834963,575,280,295,254
533834964,964,516,448,475
533834971,1578,838,740,785
533834972,1441,887,554,591
533834973,1270,655,615,580
533834974,607,288,319,218
533834981,365,194,171,187
533834982,395,219,176,216
533834991,328,166,162,131
533834992,425,218,207,186
533834993,107,48,59,30
533835003,86,47,39,26
533835004,71,33,38,24
533835011,161,88,73,44
533835034,169,91,78,47
533835083,39,16,23,10
533835092,102,46,56,32
533835102,200,94,106,55
533835103,186,91,95,58
533835132,106,58,48,26
533835133,172,88,84,43
533835173,204,95,109,66
533835201,525,246,279,147
533835202,8,6,2,2
533835203,27,13,14,8
533835204,222,118,104,63
533835213,5,3,2,1
533835214,632,315,317,168
533835221,68,37,31,23
533835222,324,162,162,90
533835223,120,62,58,33
533835224,180,83,97,48
533835233,242,112,130,63
533835234,72,32,40,17
533835262,153,67,86,39
533835263,192,84,108,41
533835264,149,71,78,38
533835301,437,202,235,129
533835302,406,204,202,123
533835303,103,56,47,26
533835304,379,186,193,112
533835311,149,73,76,42
533835312,216,105,111,63
533835313,368,178,190,108
533835314,444,222,222,134
533835321,252,127,125,74
533835323,110,52,58,31
533835332,228,109,119,58
533835334,235,110,125,65
533835354,188,102,86,58
533835361,291,132,159,83
533835402,427,223,204,122
533835403,198,105,93,61
533835404,54,28,26,15
533835411,432,216,216,122
533835412,448,203,245,133
533835413,428,212,216,118
533835414,399,191,208,114
533835421,231,77,154,3
533835422,23,11,12,6
533835424,499,246,253,154
533835431,261,124,137,90
533835432,394,190,204,109
533835433,742,359,383,248
533835434,500,237,263,131
533835441,132,64,68,44
533835442,34,20,14,9
533835443,69,36,33,17
533835444,63,31,32,19
533835451,568,286,282,167
533835453,163,84,79,44
533835454,128,60,68,34
533835501,203,100,103,65
533835504,569,289,280,185
533835511,86,48,38,23
533835513,144,69,75,37
533835514,21,10,11,4
533835521,464,225,239,136
533835522,278,131,147,81
533835523,425,202,223,133
533835524,481,221,260,139
533835531,252,120,132,75
533835533,501,244,257,136
533835534,257,125,132,82
533835541,231,113,118,66
533835542,38,17,21,10
533835543,74,37,37,18
533835544,74,41,33,31
533835551,130,60,70,39
533835552,111,53,58,30
533835553,216,107,109,59
533835554,132,68,64,35
533835561,141,67,74,47
533835563,188,91,97,54
533835601,305,148,157,108
533835602,143,71,72,53
533835603,675,341,334,255
533835604,487,246,241,193
533835611,327,181,146,124
533835613,247,114,133,88
533835621,491,243,248,157
533835622,244,120,124,70
533835623,769,367,402,249
533835624,331,158,173,103
533835631,462,220,242,131
533835632,94,47,47,23
533835633,305,156,149,94
533835634,21,11,10,6
533835642,211,96,115,61
533835643,224,108,116,71
533835644,52,24,28,14
533835651,593,272,321,182
533835652,273,136,137,87
533835653,187,87,100,65
533835661,207,106,101,55
533835664,107,53,54,34
533835701,559,273,286,258
533835702,665,315,350,276
533835703,649,283,366,227
533835704,777,364,413,342
533835711,325,158,167,128
533835712,481,236,245,169
533835713,814,366,448,340
533835714,328,156,172,119
533835721,601,281,320,214
533835722,633,317,316,190
533835723,377,180,197,145
533835724,642,298,344,253
533835731,134,65,69,43
533835733,272,126,146,92
533835734,340,164,176,94
533835741,151,76,75,49
533835742,171,88,83,55
533835743,77,41,36,23
533835744,511,246,265,160
533835751,266,133,133,85
533835752,128,64,64,37
533835753,190,95,95,52
533835754,597,279,318,161
533835761,307,145,162,82
533835762,191,85,106,54
533835773,317,155,162,83
533835801,564,278,286,224
533835802,904,427,477,385
533835803,273,135,138,132
533835804,688,329,359,298
533835811,831,390,441,361
533835812,395,178,217,172
533835813,782,362,420,351
533835814,543,252,291,256
533835821,263,120,143,95
533835823,497,203,294,253
533835824,280,147,133,142
533835831,285,132,153,77
533835832,51,23,28,18
533835833,269,124,145,102
533835834,244,124,120,82
533835841,506,220,286,133
533835842,251,131,120,94
533835843,60,35,25,22
533835851,180,95,85,70
533835852,32,13,19,12
533835853,357,166,191,107
533835854,315,151,164,91
533835861,346,166,180,97
533835863,291,130,161,80
533835864,382,175,207,97
533835871,84,44,40,24
533835872,100,45,55,29
533835873,449,229,220,139
533835874,243,129,114,76
533835881,265,129,136,70
533835882,41,18,23,12
533835883,276,130,146,79
533835884,242,112,130,70
533835893,60,31,29,16
533835894,41,17,24,10
533835901,244,112,132,87
533835902,305,149,156,118
533835904,6,3,3,2
533835911,853,414,439,367
533835912,514,224,290,242
533835913,638,314,324,245
533835914,342,167,175,126
533835921,877,405,472,277
533835922,843,373,470,286
533835923,450,203,247,174
533835924,518,243,275,185
533835931,169,85,84,55
533835932,130,67,63,40
533835933,36,16,20,13
533835934,537,269,268,156
533835941,517,242,275,155
533835942,263,124,139,88
533835943,321,136,185,69
533835944,459,217,242,152
533835951,24,11,13,7
533835953,382,181,201,121
533835954,192,86,106,60
533835961,328,159,169,87
533835962,106,57,49,34
533835963,530,256,274,160
533835964,147,73,74,42
533835971,118,60,58,39
533835972,258,121,137,84
533835973,188,90,98,50
533835974,508,246,262,146
533835981,208,98,110,70
533835982,178,83,95,58
533835983,340,161,179,104
533835984,289,146,143,87
533836194,220,99,121,67
533836241,60,28,32,19
533836243,56,25,31,18
533836244,125,63,62,37
533836254,158,79,79,51
533836261,275,141,134,90
533836272,345,182,163,98
533836273,139,67,72,41
533836281,241,117,124,71
533836291,94,39,55,27
533836394,2,1,1,2
533836611,84,44,40,23
533836612,79,41,38,22
533836623,265,127,138,94
533836624,261,121,140,84
533836633,271,138,133,95
533836643,140,70,70,50
533836703,51,23,28,14
533836711,90,45,45,29
533836712,186,107,79,63
533836801,62,32,30,19
533836901,39,22,17,10
533836912,6,2,4,3
533836942,52,23,29,16
533837022,5,1,4,1
533837032,85,45,40,29
533837041,86,45,41,30
533837042,196,92,104,56
533837043,669,355,314,244
533837044,343,192,151,149
533837051,1,1,0,1
533837072,56,26,30,20
533837073,54,24,30,17
533837101,206,100,106,70
533837102,662,320,342,204
533837103,175,93,82,61
533837104,401,191,210,108
533837113,297,152,145,102
533837141,803,422,381,317
533837142,65,38,27,30
533837143,378,188,190,134
533837144,295,147,148,115
533837171,80,41,39,22
533837174,129,72,57,37
533837181,74,31,43,21
533837183,65,27,38,20
533837201,352,162,190,90
533837221,346,164,182,94
533837222,177,74,103,64
533837223,550,266,284,162
533837231,164,90,74,50
533837232,193,99,94,83
533837234,145,71,74,45
533837242,47,27,20,21
533837243,194,88,106,71
533837244,390,207,183,165
533837251,86,44,42,31
533837252,185,88,97,63
533837253,364,193,171,165
533837274,8,5,3,2
533837281,107,55,52,38
533837292,160,78,82,49
533837293,125,70,55,41
533837294,121,59,62,36
533837321,248,118,130,79
533837323,431,212,219,130
533837342,232,108,124,97
533837344,199,93,106,80
533837351,1227,611,616,493
533837352,456,214,242,211
533837353,531,273,258,223
533837354,995,455,540,452
533837361,43,25,18,20
533837362,75,37,38,35
533837363,311,142,169,119
533837364,417,216,201,155
533837371,141,68,73,56
533837372,725,354,371,243
533837373,369,170,199,127
533837374,159,78,81,48
533837381,165,80,85,49
533837382,368,185,183,117
533837383,1003,498,505,352
533837384,546,270,276,171
533837391,596,297,299,180
533837392,501,246,255,175
533837393,574,292,282,169
533837412,54,24,30,15
533837422,49,10,39,1
533837442,189,95,94,70
533837443,83,43,40,31
533837452,148,67,81,72
533837461,389,196,193,121
533837462,244,121,123,68
533837464,310,148,162,86
533837471,507,254,253,154
533837472,625,309,316,199
533837473,300,135,165,83
533837474,173,87,86,52
533837481,398,200,198,130
533837482,168,81,87,51
533837483,182,94,88,64
533837484,46,26,20,2
533837492,96,48,48,24
533837493,530,268,262,164
533837512,84,41,43,26
533837513,74,36,38,25
533837522,65,34,31,20
533837533,35,18,17,10
533837534,56,31,25,19
533837552,261,126,135,75
533837553,210,95,115,63
533837554,424,207,217,118
533837561,400,187,213,130
533837563,318,156,162,92
533837564,348,162,186,114
533837574,92,20,72,2
533837581,269,126,143,73
533837604,81,44,37,29
533837611,80,43,37,28
533837624,72,37,35,19
533837633,52,29,23,18
533837651,233,121,112,67
533837661,312,155,157,78
533837662,187,84,103,63
533837663,93,41,52,38
533837754,142,69,73,34
533837762,130,65,65,42
533837764,70,33,37,20
533837773,51,26,25,14
533837822,53,28,25,18
533837853,43,23,20,13
533837854,47,24,23,13
533837873,124,58,66,35
533837874,53,27,26,14
533837884,99,53,46,33
533837892,39,19,20,10
533837893,42,19,23,10
533837961,56,27,29,15
533837963,48,23,25,14
533837971,164,81,83,40
533837972,46,20,26,12
533837973,147,82,65,68
533840301,12,7,5,6
533840302,14,8,6,5
533840403,71,36,35,20
533840503,72,35,37,20
533840571,19,12,7,10
533840601,59,31,28,14
533840611,12,8,4,4
533840624,14,8,6,4
533840631,14,8,6,3
533840703,49,25,24,13
533840712,20,10,10,7
533840714,21,11,10,7
533840754,56,25,31,19
533840762,32,20,12,16
533840763,3,2,1,1
533840771,63,29,34,25
533840773,19,9,10,6
533840821,22,10,12,7
533840823,24,11,13,7
533840863,45,20,25,17
533840864,13,7,6,6
533840873,41,18,23,12
533840914,106,55,51,34
533840961,90,38,52,32
533840962,7,3,4,2
533840963,37,17,20,11
533842313,36,26,10,33
533842844,33,17,16,14
533843042,429,217,212,81
533843051,324,167,157,70
533843052,50,29,21,1
533843053,144,74,70,37
533843061,71,36,35,2
533843062,9,6,3,3
533843071,247,120,127,77
533843072,143,73,70,41
533843073,132,67,65,43
533843081,196,92,104,51
533843091,286,137,149,76
533843144,11,6,5,3
533843151,154,71,83,38
533843153,281,141,140,88
533843154,103,29,74,11
533843161,5,3,2,2
533843162,127,67,60,32
533843163,574,282,292,161
533843164,108,49,59,32
533843171,809,424,385,329
533843172,673,325,348,180
533843173,631,328,303,205
533843174,41,20,21,12
533843183,239,236,3,9
533843184,612,502,110,86
533843193,54,30,24,22
533843194,358,186,172,125
533843242,144,67,77,42
533843244,15,8,7,4
533843251,93,48,45,37
533843252,284,133,151,82
533843253,200,101,99,58
533843254,73,33,40,20
533843261,504,258,246,149
533843262,168,87,81,53
533843263,186,90,96,51
533843264,163,92,71,79
533843271,132,64,68,37
533843281,10,5,5,4
533843282,80,40,40,35
533843283,481,239,242,172
533843284,914,458,456,383
533843291,267,127,140,113
533843292,290,134,156,107
533843293,577,272,305,192
533843294,234,117,117,79
533843341,297,146,151,93
533843342,386,183,203,117
533843343,129,66,63,30
533843344,246,121,125,81
533843351,96,46,50,30
533843353,388,195,193,116
533843354,622,301,321,195
533843361,159,77,82,57
533843362,43,26,17,22
533843363,675,330,345,225
533843364,71,41,30,45
533843371,24,12,12,9
533843372,128,59,69,42
533843373,195,100,95,81
533843374,400,199,201,127
533843381,658,348,310,231
533843382,308,149,159,95
533843383,286,145,141,95
533843391,109,49,60,34
533843392,513,250,263,145
533843393,52,26,26,17
533843394,438,225,213,119
533843434,231,103,128,73
533843441,221,103,118,71
533843443,80,51,29,27
533843451,235,119,116,80
533843452,125,67,58,43
533843453,511,271,240,213
533843454,281,140,141,116
533843461,286,139,147,115
533843462,682,359,323,278
533843463,1096,522,574,421
533843464,629,313,316,256
533843471,46,20,26,13
533843472,102,49,53,29
533843473,147,70,77,41
533843483,64,32,32,19
533843484,82,43,39,26
533843492,221,104,117,68
533843494,171,83,88,50
533843532,120,58,62,42
533843541,299,150,149,93
533843543,119,59,60,36
533843551,90,45,45,41
533843552,661,313,348,254
533843553,230,111,119,78
533843554,488,253,235,184
533843561,795,391,404,321
533843562,345,167,178,104
533843563,392,197,195,174
533843571,134,60,74,37
533843573,175,89,86,43
533843591,235,115,120,75
533843632,214,112,102,60
533843633,63,29,34,21
533843642,372,187,185,123
533843643,397,195,202,133
533843644,341,174,167,98
533843651,62,22,40,5
533843652,396,184,212,133
533843654,927,452,475,290
533843661,57,28,29,17
533843663,430,231,199,166
533843664,224,117,107,33
533843674,183,92,91,68
533843682,151,79,72,38
533843694,35,19,16,13
533843724,71,32,39,20
533843731,307,147,160,99
533843733,69,36,33,25
533843734,234,118,116,76
533843741,381,186,195,123
533843742,286,136,150,79
533843743,67,32,35,20
533843744,303,157,146,96
533843752,721,350,371,250
533843754,478,228,250,146
533843761,27,15,12,6
533843762,151,80,71,42
533843772,151,72,79,40
533843774,51,24,27,20
533843781,105,51,54,29
533843784,345,174,171,95
533843791,53,25,28,14
533843793,43,19,24,13
533843822,266,119,147,73
533843824,165,78,87,48
533843834,6,3,3,3
533843841,118,51,67,36
533843842,90,47,43,31
533843852,361,184,177,104
533843862,108,56,52,31
533843864,37,19,18,10
533843872,99,48,51,31
533843873,148,76,72,41
533843881,142,66,76,49
533843882,302,149,153,85
533843892,74,35,39,27
533843921,132,63,69,46
533843924,43,24,19,15
533843933,200,93,107,70
533843934,173,82,91,61
533843942,67,31,36,20
533843943,72,34,38,22
533843944,292,151,141,101
533843951,643,313,330,216
533843954,138,69,69,40
533843961,214,103,111,57
533843963,180,96,84,56
533843972,82,41,41,30
533843981,44,21,23,15
533843993,142,70,72,51
533844001,266,134,132,103
533844002,614,299,315,213
533844003,1,1,0,1
533844004,439,206,233,143
533844011,1179,589,590,468
533844012,672,336,336,269
533844013,1706,836,870,629
533844014,1017,517,500,368
533844021,968,500,468,361
533844022,1672,791,881,533
533844023,989,504,485,361
533844024,1400,674,726,528
533844031,1123,550,573,415
533844032,590,297,293,238
533844033,1036,501,535,397
533844034,993,491,502,432
533844041,1136,550,586,536
533844042,637,304,333,279
533844043,1438,698,740,623
533844044,1464,670,794,632
533844051,1461,709,752,693
533844052,1291,609,682,603
533844053,2199,1058,1141,901
533844054,1975,1011,964,907
533844061,266,133,133,132
533844062,194,95,99,80
533844063,831,362,469,359
533844071,461,238,223,166
533844072,147,75,72,51
533844074,160,75,85,61
533844084,58,29,29,15
533844101,152,82,70,49
533844102,224,69,155,17
533844103,300,149,151,98
533844104,12,5,7,5
533844111,745,374,371,266
533844112,1189,582,607,409
533844113,1197,589,608,393
533844114,1486,729,757,539
533844121,1079,543,536,393
533844122,1116,521,595,402
533844123,1032,509,523,364
533844124,946,483,463,361
533844131,1034,485,549,413
533844132,1888,864,1024,806
533844133,1380,651,729,562
533844134,1216,556,660,454
533844141,1996,921,1075,849
533844142,1868,901,967,876
533844143,643,306,337,262
533844144,960,474,486,416
533844151,1510,729,781,737
533844152,1284,657,627,667
533844153,1811,904,907,942
533844154,1754,977,777,968
533844161,1220,700,520,707
533844162,528,314,214,248
533844163,1814,1057,757,910
533844164,720,387,333,319
533844201,355,182,173,126
533844202,419,198,221,133
533844203,472,230,242,134
533844204,90,48,42,41
533844211,500,242,258,181
533844212,1044,516,528,386
533844213,620,297,323,217
533844214,592,299,293,214
533844221,1057,523,534,387
533844222,1140,547,593,422
533844223,688,351,337,254
533844224,1152,571,581,383
533844231,1715,795,920,674
533844232,1263,566,697,481
533844233,1637,788,849,591
533844234,1206,571,635,404
533844242,419,224,195,175
533844243,36,16,20,11
533844244,79,16,63,1
533844251,1099,567,532,466
533844252,1769,937,832,847
533844253,548,265,283,217
533844254,851,424,427,342
533844261,538,276,262,252
533844263,639,317,322,226
533844301,680,326,354,224
533844302,338,174,164,100
533844303,149,73,76,42
533844311,777,364,413,256
533844312,730,347,383,236
533844313,17,8,9,4
533844314,268,141,127,91
533844321,658,325,333,234
533844322,1465,696,769,517
533844323,417,198,219,147
533844324,751,365,386,263
533844331,1038,495,543,342
533844332,652,297,355,206
533844333,333,180,153,77
533844334,5,2,3,1
533844341,54,10,44,1
533844342,170,83,87,57
533844351,165,76,89,68
533844352,542,239,303,152
533844362,269,129,140,85
533844364,95,39,56,28
533844412,60,30,30,1
533844414,33,15,18,12
533844442,143,74,69,40
533844471,222,102,120,82
533844514,294,144,150,85
533844522,193,95,98,63
533844524,154,76,78,43
533844533,141,61,80,39
533844534,159,81,78,56
533844542,251,114,137,67
533844552,255,122,133,83
533844561,9,3,6,4
533844634,165,74,91,46
533844684,29,15,14,12
533844721,190,99,91,54
533844812,34,20,14,8
533844823,53,28,25,15
533844824,29,13,16,9
533844841,13,6,7,8
533844854,18,7,11,10
533844923,16,7,9,9
533844933,23,13,10,9
533844963,49,22,27,22
533845011,6,2,4,1
533845012,639,305,334,220
533845014,77,40,37,21
533845021,120,58,62,39
533845022,343,164,179,113
533845023,508,249,259,175
533845024,417,197,220,131
533845032,107,53,54,39
533845033,562,272,290,153
533845034,401,192,209,120
533845041,533,258,275,152
533845042,404,196,208,112
533845043,595,292,303,185
533845044,207,109,98,83
533845051,66,36,30,25
533845052,47,23,24,16
533845053,110,56,54,30
533845054,44,20,24,15
533845061,146,67,79,40
533845062,66,29,37,18
533845063,124,60,64,30
533845064,244,120,124,71
533845071,250,117,133,62
533845072,110,49,61,34
533845073,45,22,23,15
533845074,129,58,71,36
533845081,453,219,234,144
533845082,46,19,27,12
533845083,402,195,207,116
533845091,76,35,41,23
533845093,276,126,150,87
533845094,263,127,136,68
533845114,4,2,2,2
533845121,285,129,156,75
533845122,548,258,290,157
533845124,277,145,132,71
533845131,344,162,182,99
533845132,74,23,51,2
533845133,482,227,255,164
533845134,247,109,138,75
533845141,111,51,60,31
533845142,713,339,374,233
533845143,257,120,137,68
533845144,524,241,283,204
533845151,188,87,101,58
533845153,654,330,324,274
533845154,636,300,336,209
533845161,76,41,35,22
533845162,170,90,80,54
533845163,133,66,67,43
533845171,261,126,135,77
533845172,327,144,183,96
533845173,119,65,54,31
533845174,435,211,224,119
533845181,177,87,90,45
533845182,133,63,70,37
533845183,174,84,90,51
533845184,189,101,88,50
533845191,143,69,74,33
533845192,166,91,75,44
533845194,204,97,107,59
533845221,354,165,189,100
533845222,171,81,90,50
533845223,184,89,95,51
533845224,300,141,159,94
533845231,733,425,308,146
533845232,691,327,364,218
533845234,338,153,185,125
533845241,531,249,282,187
533845242,761,376,385,306
533845243,290,138,152,118
533845244,880,425,455,233
533845251,785,370,415,315
533845252,672,323,349,223
533845253,559,261,298,211
533845254,499,244,255,161
533845261,119,54,65,38
533845262,624,299,325,185
533845263,694,318,376,237
533845264,182,79,103,57
533845272,104,54,50,31
533845273,110,49,61,27
533845274,194,97,97,61
533845281,18,9,9,5
533845282,139,73,66,41
533845283,476,229,247,150
533845284,120,39,81,18
533845293,137,67,70,39
533845321,101,54,47,29
533845323,104,54,50,29
533845341,81,41,40,22
533845342,282,136,146,108
533845344,218,109,109,75
533845351,927,442,485,367
533845352,744,365,379,256
533845353,686,337,349,230
533845354,959,445,514,315
533845361,921,447,474,363
533845362,264,122,142,81
533845363,646,328,318,211
533845364,298,143,155,102
533845371,269,135,134,77
533845372,399,176,223,111
533845373,457,239,218,136
533845374,436,216,220,148
533845381,587,281,306,193
533845382,151,87,64,64
533845383,364,172,192,126
533845384,520,249,271,170
533845391,261,123,138,75
533845393,308,145,163,92
533845434,63,30,33,21
533845442,373,181,192,117
533845443,283,137,146,86
533845444,271,134,137,93
533845451,455,220,235,152
533845452,391,181,210,119
533845453,452,219,233,138
533845454,133,55,78,36
533845461,446,213,233,146
533845462,422,205,217,130
533845463,192,102,90,61
533845464,290,142,148,84
533845471,886,406,480,306
533845472,623,287,336,231
533845473,172,78,94,53
533845474,832,413,419,242
533845481,763,370,393,270
533845482,844,419,425,328
533845483,1218,589,629,445
533845484,1209,578,631,440
533845491,448,219,229,148
533845492,215,115,100,55
533845493,486,234,252,180
533845494,179,83,96,51
533845531,114,57,57,36
533845532,19,9,10,5
533845533,130,62,68,38
533845534,123,61,62,40
533845541,240,116,124,73
533845542,139,63,76,42
533845543,378,191,187,103
533845544,95,44,51,25
533845552,300,136,164,92
533845554,333,164,169,103
533845561,125,60,65,39
533845562,470,225,245,131
533845563,204,98,106,59
533845564,356,175,181,106
533845571,171,89,82,53
533845572,601,279,322,197
533845573,416,209,207,133
533845574,124,67,57,41
533845581,641,283,358,191
533845582,545,251,294,180
533845583,157,83,74,49
533845584,607,304,303,194
533845591,164,77,87,48
533845593,237,111,126,71
533845594,264,128,136,81
533845613,49,24,25,18
533845622,125,61,64,39
533845623,54,25,29,18
533845631,269,133,136,73
533845652,261,133,128,78
533845654,85,40,45,27
533845661,5,3,2,1
533845662,256,128,128,81
533845671,660,325,335,195
533845672,84,40,44,26
533845673,444,224,220,129
533845682,207,113,94,54
533845691,117,60,57,30
533845693,110,50,60,36
533845694,104,52,52,35
533845701,58,29,29,26
533845752,41,20,21,12
533845754,40,19,21,12
533845762,149,81,68,72
533845764,173,82,91,54
533845771,725,350,375,203
533845772,284,140,144,87
533845773,113,59,54,36
533845774,163,79,84,55
533845781,25,12,13,7
533845792,141,62,79,50
533845794,175,85,90,52
533845824,34,16,18,11
533845833,134,66,68,40
533845841,76,41,35,20
533845843,132,72,60,41
533845844,118,56,62,37
533845862,103,52,51,37
533845864,274,125,149,92
533845871,126,59,67,43
533845872,158,72,86,51
533845873,434,208,226,147
533845892,200,101,99,60
533845894,152,76,76,42
533845901,74,28,46,34
533845902,37,15,22,15
533845912,108,53,55,41
533845921,63,32,31,27
533845922,63,30,33,23
533845931,122,53,69,37
533845942,77,41,36,26
533845951,168,82,86,51
533845952,204,95,109,52
533845953,47,26,21,15
533845954,198,95,103,52
533845961,100,49,51,32
533845962,100,47,53,33
533845963,79,40,39,23
533845964,258,118,140,80
533845971,234,115,119,78
533845973,314,154,160,94
533845974,79,37,42,25
533845992,137,68,69,34
533846144,13,6,7,3
533846201,117,56,61,41
533846503,415,208,207,127
533846601,193,94,99,56
533846602,238,118,120,67
533846603,309,148,161,86
533846604,150,64,86,41
533846613,123,55,68,37
533846663,2,2,0,1
533846701,53,24,29,15
533846702,119,63,56,39
533846711,282,140,142,88
533846712,157,77,80,54
533846713,15,7,8,6
533846714,338,153,185,89
533846721,126,57,69,39
533846722,104,56,48,30
533846723,136,61,75,42
533846724,139,72,67,47
533846733,286,142,144,100
533846764,3,1,2,1
533846814,77,40,37,24
533846843,86,42,44,29
533846903,79,39,40,23
533846942,11,6,5,4
533847043,25,16,9,9
533847054,29,17,12,9
533847071,181,94,87,47
533847073,171,83,88,42
533847173,81,38,43,20
533847264,274,147,127,82
533847363,62,61,1,62
533847551,51,28,23,18
533847684,71,36,35,30
533847964,134,65,69,44
533850014,56,28,28,17
533850061,27,14,13,9
533850141,50,25,25,18
533850162,50,25,25,13
533850163,116,61,55,32
533850264,102,49,53,29
533850274,60,30,30,22
533850421,51,29,22,20
533850422,60,31,29,15
533850424,55,28,27,14
533850464,62,29,33,20
533850471,87,45,42,25
533850473,137,70,67,42
533850512,63,27,36,18
533850522,59,30,29,19
533850523,59,25,34,17
533850524,61,31,30,19
533850551,57,27,30,18
533850562,95,46,49,29
533850564,40,20,20,11
533850612,32,15,17,9
533850633,80,39,41,21
533850664,338,119,219,49
533850712,68,30,38,18
533850714,99,52,47,24
533850722,72,35,37,20
533850723,36,15,21,9
533850762,52,25,27,15
533850764,243,118,125,68
533850801,196,92,104,52
533850803,264,128,136,79
533850821,47,22,25,14
533850822,122,58,64,34
533850824,112,54,58,36
533850851,58,28,30,18
533850852,80,34,46,24
533850853,122,57,65,33
533850854,5,3,2,3
533850873,55,25,30,20
533850874,222,104,118,59
533850901,156,71,85,38
533850912,30,14,16,9
533850922,231,116,115,60
533850932,107,53,54,39
533850934,208,99,109,61
533850943,767,377,390,248
533850944,29,15,14,10
533850951,51,25,26,15
533850953,332,160,172,110
533851313,10,3,7,5
533852214,1,1,0,1
533852253,73,32,41,31
533852352,40,22,18,18
533852354,111,49,62,43
533852372,135,73,62,55
533852373,17,9,8,6
533852384,108,52,56,33
533852392,90,42,48,28
533852393,158,78,80,43
533852394,117,63,54,38
533852453,76,34,42,30
533852454,312,158,154,130
533852462,80,39,41,34
533852463,120,63,57,43
533852472,177,91,86,62
533852474,107,57,50,31
533852482,71,34,37,24
533852492,84,46,38,29
533852494,164,78,86,54
533852552,91,38,53,28
533852584,151,71,80,52
533852591,107,52,55,34
533852653,292,145,147,102
533852664,206,93,113,59
533852673,209,99,110,71
533852674,199,103,96,66
533852691,135,69,66,49
533852693,33,15,18,12
533852694,235,110,125,66
533852762,414,192,222,131
533852763,69,31,38,24
533852771,26,12,14,6
533852774,203,97,106,67
533852794,103,52,51,27
533852842,21,12,9,8
533852851,224,115,109,71
533852852,176,91,85,55
533852861,156,73,83,52
533852883,232,111,121,84
533852892,110,58,52,34
533852893,115,60,55,41
533852894,475,292,183,209
533852934,216,103,113,71
533852942,89,45,44,27
533852943,13,9,4,3
533852944,210,97,113,77
533852951,79,41,38,32
533852963,44,17,27,17
533852964,47,22,25,16
533852974,115,52,63,37
533852984,38,17,21,16
533852991,585,290,295,211
533852992,593,308,285,203
533852993,49,21,28,18
533852994,542,289,253,229
533853012,188,90,98,60
533853014,47,21,26,17
533853022,25,12,13,8
533853024,50,25,25,18
533853031,70,36,34,24
533853032,168,84,84,59
533853033,227,115,112,79
533853034,111,58,53,39
533853042,464,217,247,147
533853044,274,133,141,84
533853051,100,48,52,31
533853053,175,87,88,55
533853054,128,60,68,38
533853063,38,21,17,16
533853073,86,37,49,34
533853094,124,57,67,38
533853114,203,98,105,77
533853121,159,78,81,51
533853122,36,18,18,16
533853123,138,65,73,49
533853124,79,41,38,30
533853131,52,31,21,1
533853134,105,57,48,32
533853141,60,31,29,20
533853142,59,29,30,19
533853151,150,76,74,39
533853152,168,76,92,58
533853153,91,41,50,32
533853161,216,113,103,72
533853203,174,80,94,49
533853211,86,44,42,27
533853212,239,115,124,80
533853213,25,15,10,7
533853222,140,66,74,46
533853224,174,85,89,63
533853241,155,58,97,5
533853242,348,171,177,121
533853243,295,134,161,93
533853251,164,84,80,60
533853253,107,53,54,33
533853254,170,88,82,54
533853261,254,128,126,86
533853263,116,60,56,40
533853271,18,9,9,6
533853302,95,52,43,29
533853303,120,55,65,38
533853311,92,51,41,26
533853312,113,57,56,37
533853313,210,102,108,65
533853332,227,115,112,79
533853333,19,9,10,9
533853334,27,13,14,9
533853341,261,116,145,71
533853343,648,315,333,214
533853344,45,24,21,18
533853351,60,33,27,20
533853353,182,88,94,54
533853361,130,60,70,44
533853374,63,30,33,22
533853401,346,167,179,127
533853402,640,300,340,204
533853412,17,9,8,6
533853413,77,41,36,27
533853414,110,56,54,37
533853423,105,47,58,46
533853431,211,90,121,78
533853432,330,170,160,121
533853433,17,9,8,7
533853434,412,192,220,131
533853441,207,103,104,59
533853444,98,47,51,30
533853451,202,99,103,67
533853464,15,5,10,6
533853481,80,41,39,26
533853501,14,7,7,5
533853511,251,126,125,91
533853513,48,25,23,23
533853532,368,180,188,143
533853534,31,18,13,15
533853541,264,124,140,88
533853542,35,19,16,10
533853543,289,153,136,110
533853552,251,123,128,73
533853553,98,46,52,29
533853561,175,87,88,52
533853603,161,81,80,49
533853611,124,64,60,46
533853622,335,167,168,113
533853623,75,41,34,29
533853641,83,45,38,26
533853642,38,23,15,17
533853654,59,31,28,23
533853661,48,21,27,14
533853663,47,25,22,16
533853664,136,67,69,45
533853702,333,144,189,90
533853711,118,59,59,42
533853714,75,34,41,23
533853721,118,61,57,41
533853731,160,78,82,53
533853742,87,39,48,28
533853744,117,58,59,33
533853751,225,115,110,93
533853752,122,66,56,44
533853753,38,21,17,20
533853761,64,27,37,22
533853763,58,25,33,24
533853773,33,16,17,13
533853801,194,99,95,65
533853811,8,5,3,3
533853812,232,108,124,69
533853813,158,73,85,51
533853814,103,60,43,31
533853822,168,85,83,54
533853831,121,59,62,40
533853834,108,58,50,36
533853841,235,112,123,73
533853842,81,41,40,28
533853844,64,30,34,22
533853851,120,62,58,42
533853871,87,40,47,39
533853873,74,37,37,30
533853901,66,63,3,63
533853903,205,102,103,78
533853904,338,156,182,104
533853913,60,27,33,21
533853914,299,140,159,107
533853923,324,159,165,122
533853931,85,38,47,30
533853932,62,31,31,20
533853933,317,153,164,99
533853941,177,82,95,60
533853943,63,30,33,18
533853951,69,39,30,25
533853971,28,14,14,8
533853974,97,39,58,26
533853983,48,23,25,20
533854021,46,27,19,12
533854022,28,10,18,17
533854053,19,7,12,11
533854122,83,38,45,22
533854124,70,32,38,27
533854161,2,1,1,1
533854203,7,4,3,4
533854222,47,21,26,21
533854232,13,4,9,10
533854242,59,28,31,30
533854254,7,3,4,4
533854322,65,33,32,35
533854652,14,6,8,9
533854664,14,3,11,9
533855011,71,34,37,31
533855012,98,44,54,35
533855013,15,8,7,7
533855034,54,25,29,20
533855044,58,30,28,17
533855052,106,50,56,27
533855053,53,28,25,16
533855054,61,29,32,18
533855061,77,42,35,23
533855062,156,74,82,47
533855063,89,47,42,27
533855064,71,32,39,24
533855071,255,137,118,65
533855074,90,43,47,33
533855081,109,52,57,34
533855083,129,67,62,35
533855111,59,27,32,22
533855161,239,116,123,66
533855162,100,50,50,33
533855163,51,24,27,21
533855184,62,28,34,15
533855261,179,88,91,57
533855291,114,56,58,36
533855293,94,45,49,28
533855302,75,35,40,20
533855474,163,81,82,52
533855482,117,63,54,36
533855493,83,43,40,26
533855581,145,63,82,44
533855592,205,113,92,47
533855692,54,25,29,18
533855694,74,38,36,31
533855721,17,9,8,4
533856002,82,39,43,23
533856302,4,2,2,2
533856663,33,18,15,16
533856701,85,32,53,26
533856703,43,19,24,13
533856704,38,17,21,17
533856754,5,2,3,3
533856801,38,16,22,18
533856973,24,10,14,15
533857054,182,88,94,75
533857061,63,30,33,29
533857062,61,29,32,21
533857141,194,87,107,65
533857151,227,109,118,79
533857172,152,78,74,55
533857294,11,6,5,4
533857384,78,36,42,38
533857392,23,11,12,11
533857393,18,8,10,9
533857433,125,63,62,74
533857434,258,126,132,109
533857441,104,42,62,38
533857453,53,27,26,16
533857464,27,11,16,8
533857472,11,6,5,7
533857473,12,6,6,7
533857531,159,79,80,60
533857532,22,11,11,10
533857572,15,9,6,6
533857592,43,23,20,25
533857924,2,1,1,2
533860001,109,52,57,32
533860002,199,105,94,53
533860003,386,192,194,117
533860004,457,222,235,139
533860011,154,74,80,42
533860013,485,249,236,149
533860014,490,247,243,144
533860023,412,184,228,119
533860024,242,127,115,66
533860032,292,152,140,87
533860033,179,87,92,57
533860034,198,94,104,56
533860041,349,166,183,104
533860042,555,249,306,198
533860043,286,143,143,95
533860044,306,142,164,107
533860051,89,45,44,26
533860053,149,73,76,54
533860073,28,11,17,12
533860074,49,25,24,18
533860093,17,9,8,9
533860102,471,195,276,101
533860104,292,152,140,86
533860111,33,16,17,8
533860112,100,49,51,33
533860122,161,74,87,44
533860123,188,86,102,54
533860124,41,16,25,12
533860154,203,98,105,67
533860172,66,31,35,20
533860183,71,31,40,31
533860201,108,51,57,29
533860202,33,15,18,11
533860214,177,90,87,53
533860221,75,38,37,24
533860223,84,41,43,22
533860264,115,49,66,36
533860274,28,13,15,13
533860301,29,14,15,6
533860311,70,34,36,21
533860312,212,108,104,62
533860313,202,97,105,59
533860314,190,98,92,55
533860364,101,48,53,31
533860373,76,36,40,28
533860382,25,13,12,14
533860393,22,10,12,9
533860402,265,138,127,78
533860403,186,91,95,53
533860411,108,52,56,33
533860412,97,51,46,22
533860414,118,54,64,28
533860421,234,112,122,63
533860422,37,17,20,9
533860424,38,17,21,9
533860473,97,45,52,32
533860501,149,69,80,44
533860503,94,42,52,26
533860574,96,48,48,25
533860601,29,12,17,9
533860603,86,40,46,19
533860604,113,56,57,31
533860664,108,50,58,33
533860672,82,43,39,26
533860674,79,35,44,24
533860701,234,114,120,65
533860703,203,105,98,60
533860772,48,23,25,15
533860774,146,68,78,47
533860783,121,60,61,38
533860801,161,81,80,47
533860872,121,50,71,43
533860874,130,63,67,44
533861383,3,2,1,1
533861403,7,4,3,3
533861681,87,38,49,29
533861694,120,57,63,38
533861762,4,2,2,2
533861782,51,23,28,14
533861783,409,206,203,114
533861784,117,50,67,34
533861792,195,99,96,63
533861793,80,47,33,3
533861814,41,22,19,20
533861872,319,152,167,100
533861873,97,48,49,28
533861882,39,18,21,13
533861884,334,166,168,118
533861891,242,116,126,79
533861892,30,14,16,10
533861893,618,313,305,228
533861894,75,33,42,23
533861971,72,40,32,22
533861972,81,40,41,27
533861973,178,92,86,40
533861974,110,48,62,33
533861981,277,147,130,107
533861982,341,170,171,122
533861983,131,60,71,48
533861984,247,121,126,84
533861991,846,396,450,309
533861992,22,11,11,6
533861993,542,212,330,168
533861994,231,101,130,77
533862043,323,157,166,117
533862054,245,114,131,74
533862064,137,72,65,39
533862081,138,72,66,46
533862091,262,135,127,87
533862092,420,190,230,148
533862094,272,139,133,106
533862134,77,37,40,29
533862152,78,40,38,22
533862154,61,27,34,19
533862161,62,30,32,25
533862163,161,84,77,61
533862171,68,33,35,21
533862173,151,72,79,46
533862193,155,70,85,48
533862232,114,52,62,33
533862242,58,29,29,20
533862243,201,103,98,65
533862244,150,75,75,44
533862251,16,10,6,6
533862252,63,29,34,14
533862253,354,178,176,118
533862254,226,110,116,69
533862261,98,47,51,38
533862263,69,35,34,24
533862274,113,52,61,33
533862281,22,8,14,6
533862283,162,84,78,59
533862291,58,28,30,18
533862292,142,67,75,41
533862293,104,52,52,40
533862321,86,40,46,30
533862341,215,101,114,81
533862342,132,65,67,57
533862343,203,107,96,71
533862344,188,115,73,63
533862351,318,156,162,115
533862353,465,215,250,172
533862354,221,85,136,90
533862364,192,141,51,92
533862372,104,51,53,34
533862384,162,69,93,62
533862391,49,23,26,18
533862392,154,74,80,63
533862412,303,145,158,87
533862414,112,52,60,44
533862432,111,55,56,38
533862441,77,20,57,57
533862442,106,51,55,44
533862443,99,43,56,29
533862451,190,96,94,70
533862452,62,32,30,29
533862453,82,35,47,33
533862464,63,32,31,25
533862471,113,52,61,46
533862472,96,48,48,36
533862474,123,30,93,1
533862484,155,71,84,57
533862503,145,66,79,43
533862504,46,25,21,14
533862512,148,73,75,56
533862513,58,28,30,19
533862514,159,80,79,65
533862523,409,204,205,144
533862524,43,18,25,13
533862531,148,74,74,42
533862532,47,19,28,17
533862534,170,82,88,51
533862561,135,57,78,53
533862563,111,55,56,41
533862571,116,48,68,42
533862581,311,165,146,85
533862582,117,63,54,35
533862583,127,57,70,49
533862584,49,35,14,36
533862601,182,92,90,63
533862603,80,40,40,25
533862611,78,36,42,23
533862612,111,48,63,44
533862614,71,34,37,22
533862621,144,61,83,60
533862623,186,90,96,67
533862624,72,33,39,26
533862641,56,31,25,16
533862643,206,98,108,66
533862653,171,85,86,65
533862661,65,28,37,23
533862693,51,24,27,26
533862721,105,53,52,37
533862741,72,32,40,26
533862812,41,22,19,10
533862814,141,60,81,43
533862821,32,16,16,9
533862902,292,139,153,79
533862903,90,42,48,24
533862904,32,13,19,10
533862911,65,32,33,20
533862912,61,27,34,17
533862913,444,219,225,120
533862943,105,47,58,36
533863001,11,6,5,3
533863012,142,69,73,46
533863013,107,55,52,33
533863014,244,107,137,70
533863021,270,132,138,77
533863023,156,77,79,46
533863024,409,201,208,129
533863031,72,36,36,22
533863033,65,26,39,24
533863034,100,53,47,45
533863041,148,72,76,55
533863042,322,164,158,110
533863044,89,44,45,31
533863072,21,8,13,10
533863081,54,27,27,19
533863084,38,17,21,20
533863091,45,18,27,19
533863092,63,25,38,27
533863101,223,108,115,58
533863102,136,59,77,48
533863114,82,46,36,31
533863122,112,51,61,48
533863131,198,88,110,66
533863132,180,87,93,69
533863134,111,58,53,30
533863152,81,35,46,33
533863154,68,28,40,26
533863161,118,57,61,41
533863191,34,15,19,18
533863193,37,18,19,14
533863194,36,17,19,18
533863201,223,104,119,76
533863202,62,31,31,19
533863203,110,52,58,38
533863204,64,28,36,21
533863211,86,43,43,29
533863212,194,99,95,60
533863213,192,94,98,64
533863214,194,96,98,61
533863233,182,97,85,75
533863252,88,47,41,28
533863253,109,51,58,39
533863254,133,59,74,49
533863301,79,35,44,25
533863302,166,78,88,55
533863303,94,48,46,32
533863304,239,116,123,83
533863311,223,111,112,72
533863312,151,67,84,52
533863313,226,121,105,76
533863314,194,92,102,76
533863323,48,25,23,14
533863331,214,95,119,65
533863333,241,120,121,75
533863401,50,23,27,18
533863402,206,100,106,79
533863432,386,189,197,115
533863441,97,46,51,31
533863443,133,59,74,48
533863524,361,179,182,133
533863544,86,43,43,31
533863561,85,42,43,34
533863622,73,35,38,28
533863632,55,24,31,21
533863633,38,19,19,18
533863644,127,66,61,63
533863654,154,81,73,49
533863662,181,81,100,64
533863671,113,56,57,39
533863722,90,46,44,50
533863731,117,61,56,46
533863753,190,98,92,74
533863822,307,150,157,134
533863853,112,59,53,43
533863854,278,139,139,122
533863952,19,9,10,6
533863953,138,71,67,66
533863961,193,97,96,47
533863963,145,81,64,42
533864111,1,0,1,1
533864154,2,1,1,1
533864203,41,19,22,18
533864214,46,18,28,22
533864312,60,29,31,26
533864323,67,27,40,28
533864324,84,26,58,15
533864401,54,24,30,28
533864402,31,13,18,16
533864413,38,18,20,19
533864511,31,17,14,14
533864613,4,1,3,2
533864621,100,46,54,42
533864731,81,37,44,32
533865722,3,2,1,2
533866202,57,29,28,20
533867981,23,12,11,10
533870001,100,54,46,32
533870003,457,212,245,125
533870074,120,60,60,42
533870101,186,84,102,51
533870103,53,27,26,17
533870172,126,61,65,52
533870182,118,57,61,38
533870283,110,54,56,45
533870381,139,70,69,57
533870484,20,11,9,8
533870503,139,68,71,40
533870513,6,3,3,3
533870601,705,338,367,226
533870602,17,8,9,6
533870603,242,124,118,79
533870604,309,147,162,89
533870701,342,150,192,106
533870702,76,37,39,18
533870703,588,278,310,206
533870704,281,148,133,84
533870713,45,20,25,15
533870714,186,84,102,59
533870751,51,25,26,16
533870753,46,21,25,15
533870801,310,145,165,104
533870802,45,23,22,16
533870803,107,51,56,43
533870901,257,118,139,67
533870904,49,24,25,16
533870923,135,71,64,46
533870933,97,43,54,28
533870942,13,8,5,4
533870943,9,5,4,3
533870992,7,4,3,2
533870993,79,37,42,23
533870994,546,277,269,193
533871062,257,127,130,80
533871064,21,12,9,8
533871071,67,41,26,31
533871073,84,38,46,24
533871081,100,43,57,32
533871082,379,190,189,146
533871083,205,100,105,44
533871084,206,98,108,66
533871091,487,245,242,186
533871092,186,101,85,53
533871094,123,50,73,36
533871162,447,210,237,137
533871163,45,26,19,27
533871164,52,22,30,13
533871182,240,119,121,61
533871194,99,47,52,29
533871252,168,167,1,167
533871253,138,72,66,40
533871254,295,248,47,238
533871261,128,67,61,44
533871271,63,30,33,17
533871281,202,102,100,72
533871282,263,131,132,86
533871342,238,123,115,75
533871344,232,119,113,70
533871351,100,52,48,31
533871352,325,159,166,101
533871353,214,108,106,66
533871361,88,36,52,26
533871362,66,33,33,21
533871371,57,28,29,20
533871373,162,95,67,60
533871391,211,109,102,61
533871442,400,203,197,141
533871443,202,94,108,57
533871444,98,40,58,40
533871451,102,43,59,38
533871453,204,104,100,2
533871463,165,83,82,51
533871473,213,104,109,67
533871482,189,94,95,43
533871484,557,281,276,146
533871491,365,175,190,91
533871493,170,86,84,41
533871524,32,15,17,18
533871531,24,9,15,12
533871541,172,88,84,50
533871543,206,102,104,53
533871551,50,7,43,2
533871561,409,197,212,120
533871571,389,197,192,122
533871572,68,34,34,26
533871573,304,139,165,97
533871574,394,201,193,127
533871581,136,67,69,45
533871624,156,88,68,59
533871643,165,82,83,62
533871651,50,25,25,1
533871652,662,318,344,187
533871653,32,17,15,9
533871654,47,24,23,13
533871671,221,107,114,65
533871674,260,129,131,75
533871683,160,73,87,42
533871722,331,165,166,109
533871723,410,197,213,136
533871724,328,156,172,114
533871731,258,117,141,82
533871732,372,177,195,136
533871733,427,226,201,123
533871734,389,203,186,148
533871741,342,168,174,112
533871742,192,93,99,54
533871743,504,238,266,167
533871751,188,98,90,56
533871752,237,117,120,65
533871764,110,54,56,30
533871772,173,84,89,51
533871773,316,156,160,87
533871774,354,169,185,101
533871783,214,109,105,57
533871792,201,100,101,63
533871804,82,40,42,29
533871811,257,127,130,83
533871812,157,76,81,48
533871813,288,145,143,87
533871814,383,192,191,162
533871821,363,177,186,141
533871822,707,358,349,245
533871823,934,446,488,328
533871824,626,317,309,235
533871831,916,428,488,346
533871832,601,287,314,202
533871833,500,252,248,167
533871834,492,261,231,195
533871841,38,19,19,12
533871842,429,203,226,127
533871843,601,279,322,217
533871844,722,375,347,242
533871851,203,107,96,64
533871852,330,159,171,101
533871853,323,165,158,108
533871854,558,291,267,206
533871861,207,99,108,65
533871862,231,113,118,73
533871863,284,137,147,92
533871864,369,171,198,102
533871874,181,79,102,49
533871883,409,195,214,125
533871901,24,11,13,6
533871902,182,90,92,64
533871903,798,396,402,281
533871904,361,163,198,95
533871911,112,56,56,45
533871912,583,289,294,241
533871913,314,159,155,148
533871914,926,504,422,446
533871921,1128,530,598,393
533871922,814,416,398,282
533871923,576,300,276,260
533871924,624,315,309,217
533871931,84,37,47,26
533871932,396,213,183,125
533871933,912,452,460,365
533871934,499,246,253,184
533871941,281,126,155,101
533871942,366,185,181,117
533871943,571,286,285,178
533871944,386,204,182,155
533871951,530,253,277,158
533871952,854,426,428,270
533871953,324,160,164,105
533871954,58,30,28,17
533871961,547,263,284,180
533871962,154,77,77,42
533871964,120,65,55,29
533871974,115,55,60,29
533871981,98,43,55,29
533871982,317,158,159,90
533871983,340,164,176,106
533871984,13,6,7,5
533871991,22,10,12,5
533871993,18,9,9,8
533872001,181,86,95,45
533872011,72,28,44,23
533872111,50,26,24,14
533872113,95,47,48,33
533872202,89,47,42,23
533872204,132,66,66,40
533872211,102,49,53,33
533872212,134,65,69,39
533872213,174,86,88,52
533872214,370,174,196,96
533872312,66,30,36,16
533872324,75,40,35,32
533872602,87,44,43,44
533872611,108,54,54,43
533872612,122,58,64,40
533872624,110,56,54,48
533872634,101,50,51,47
533872711,94,59,35,22
533872723,53,26,27,22
533872734,8,4,4,6
533872744,9,5,4,6
533872832,15,7,8,6
533872924,85,44,41,43
533873042,170,67,103,79
533873044,78,42,36,45
533873051,190,85,105,80
533873212,27,7,20,18
533873242,122,62,60,49
533873253,53,30,23,24
533873373,95,47,48,33
533873374,95,46,49,33
533873393,9,4,5,3
533873472,240,127,113,67
533873474,120,64,56,37
533873483,220,112,108,55
533873571,69,13,56,1
533873573,121,63,58,37
533873593,51,27,24,16
533873681,50,27,23,15
533873683,52,27,25,15
533873684,53,28,25,15
533873781,71,36,35,16
533873784,138,69,69,31
533873893,170,91,79,53
533874372,5,5,0,5
533874504,9,4,5,7
533874544,28,13,15,11
533874624,388,193,195,121
533874631,396,209,187,102
533874632,122,58,64,53
533874634,209,110,99,57
533874641,331,157,174,89
533874642,187,98,89,47
533874643,195,105,90,42
533874654,342,187,155,82
533874663,209,99,110,59
533874694,244,130,114,57
533874714,195,109,86,32
533874721,399,214,185,118
533874901,171,91,80,53
533874912,188,93,95,45
533875214,117,63,54,30
533875313,93,45,48,24
533875514,173,84,89,44
533875521,249,133,116,70
533875531,164,86,78,43
533875532,453,239,214,92
533875601,187,88,99,43
533875602,71,31,40,24
533875603,130,71,59,28
533876274,32,16,16,13
533876382,32,17,15,17
533876383,34,17,17,17
533876391,35,18,17,17
533876862,17,10,7,10
533876914,2,2,0,2
533876931,2,2,0,2
533876932,1,1,0,1
533876943,2,1,1,1
533877043,122,60,62,46
533877081,20,9,11,9
533877171,23,11,12,9
533877263,148,67,81,50
533877264,29,17,12,10
533877302,28,17,11,12
533877311,50,29,21,11
533877312,34,18,16,13
533877321,48,20,28,19
533877322,28,13,15,11
533877324,61,32,29,25
533877344,64,32,32,30
533877351,54,27,27,23
533877353,53,25,28,22
533877403,52,52,0,52
533877424,44,23,21,12
533877434,219,138,81,125
533877442,54,31,23,32
533877451,104,53,51,36
533877462,50,28,22,24
533877464,48,26,22,23
533877471,28,13,15,11
533877473,102,40,62,24
533877484,129,59,70,37
533877493,117,60,57,32
533877521,37,19,18,11
533877572,66,29,37,28
533877581,143,66,77,46
533877582,361,180,181,107
533877583,136,60,76,41
533877584,251,130,121,73
533877591,181,94,87,62
533877592,266,129,137,78
533877593,73,37,36,23
533877733,42,21,21,16
533877772,105,44,61,14
533877781,21,11,10,10
533877821,45,21,24,16
533877842,14,6,8,6
533877852,86,42,44,24
533877863,61,28,33,18
533877872,55,27,28,18
533877873,23,12,11,8
533877874,27,13,14,8
533877903,7,4,3,3
533877911,10,6,4,3
533877964,33,16,17,11
533877972,57,29,28,16
533877973,137,65,72,37
533877974,93,47,46,25
533877983,88,44,44,24
533877993,108,48,60,33
