KEY_CODE,T000752001,T000752002,T000752003,T000752004
,êlå˚ëçêî,íj,èó,ê¢ë—ëçêî
533800601,7,4,3,4
533800611,6,3,3,3
533800822,8,3,5,3
533802133,6,4,2,4
533802342,5,2,3,3
533802443,7,3,4,3
533802553,4,1,3,2
533802582,4,4,0,4
533802752,78,37,41,30
533802754,54,28,26,22
533802854,56,24,32,24
533802863,21,12,9,9
533802893,66,35,31,25
533802894,86,45,41,33
533802964,29,13,16,13
533802972,31,14,17,9
533802982,85,39,46,35
533802993,91,41,50,42
533803014,165,89,76,47
533803023,1,1,0,1
533803024,2,2,0,1
533803053,107,50,57,30
533803054,99,41,58,31
533803061,5,2,3,1
533803062,5,2,3,1
533803063,6,3,3,1
533803064,6,3,3,1
533803111,2,1,1,1
533803112,2,1,1,1
533803113,2,1,1,1
533803114,3,1,2,1
533803121,3,1,2,1
533803122,4,2,2,1
533803123,4,2,2,1
533803124,76,37,39,25
533803134,115,58,57,38
533803152,84,38,46,29
533803202,5,2,3,1
533803204,6,3,3,1
533803232,23,10,13,8
533803234,96,43,53,24
533803251,115,60,55,39
533803263,245,125,120,81
533803332,50,19,31,1
533803354,351,165,186,115
533803361,233,114,119,80
533803363,230,107,123,69
533803381,13,5,8,7
533803441,242,116,126,82
533803442,361,171,190,115
533803443,280,138,142,112
533803444,388,185,203,135
533803451,28,14,14,11
533803452,80,29,51,1
533803453,160,77,83,51
533803454,173,88,85,65
533803461,83,43,40,38
533803462,13,7,6,5
533803463,13,6,7,5
533803464,15,7,8,5
533803532,77,37,40,22
533803534,78,36,42,21
533803541,359,190,169,140
533803543,59,58,1,15
533803544,136,78,58,42
533803552,392,191,201,108
533803554,169,74,95,53
533803561,274,130,144,80
533803562,18,8,10,5
533803582,16,11,5,6
533803652,103,56,47,26
533803663,284,123,161,93
533803703,138,62,76,44
533803733,25,14,11,13
533803742,39,19,20,13
533803781,5,2,3,3
533803851,95,54,41,41
533803853,198,93,105,67
533803864,45,23,22,24
533803892,26,11,15,14
533803904,56,25,31,21
533803921,12,6,6,8
533803951,289,137,152,83
533803953,339,162,177,100
533803954,82,40,42,21
533803962,90,46,44,28
533804044,1,0,1,1
533804052,37,18,19,10
533804062,21,10,11,6
533804064,19,9,10,5
533804071,21,10,11,5
533804072,46,22,24,13
533804074,46,22,24,13
533804092,162,162,0,5
533804144,66,31,35,18
533804153,67,32,35,18
533804161,38,19,19,10
533804172,300,164,136,20
533804183,37,20,17,7
533804254,63,34,29,17
533804261,54,29,25,16
533804272,56,26,30,20
533804273,31,15,16,10
533804282,39,20,19,7
533804284,75,38,37,14
533804292,28,14,14,6
533804342,57,32,25,12
533804344,96,53,43,22
533804351,70,32,38,18
533804352,54,29,25,16
533804353,312,147,165,80
533804363,31,14,17,10
533804381,31,14,17,10
533804382,30,13,17,9
533804384,37,19,18,7
533804451,47,25,22,14
533804453,49,25,24,14
533804454,46,23,23,13
533804461,1,1,0,1
533804483,37,18,19,7
533804554,4,3,1,3
533804563,5,5,0,5
533804574,58,27,31,12
533804652,5,1,4,2
533804653,5,3,2,2
533804683,7,4,3,1
533804761,6,3,3,2
533804762,22,11,11,5
533804764,25,13,12,5
533804781,26,13,13,5
533804783,22,11,11,4
533804793,73,37,36,18
533804841,8,4,4,2
533804842,9,5,4,2
533804852,11,6,5,2
533804863,28,14,14,7
533804871,22,10,12,4
533804873,52,24,28,11
533804882,74,36,38,18
533804883,19,10,9,16
533804973,31,29,2,2
533804984,34,18,16,10
533804991,51,27,24,9
533804992,71,33,38,17
533805701,7,4,3,1
533805803,48,23,25,14
533805902,50,24,26,13
533805913,52,24,28,13
533806284,1424,1360,64,33
533806293,279,134,145,94
533806373,57,52,5,52
533806391,438,255,183,203
533806392,761,412,349,277
533806393,1138,577,561,351
533806394,551,301,250,233
533806591,53,28,25,27
533806883,175,84,91,52
533806884,55,28,27,22
533806892,69,30,39,22
533806894,126,69,57,59
533806974,49,22,27,12
533806981,203,97,106,52
533806982,128,64,64,30
533806983,88,47,41,23
533806984,91,41,50,29
533807002,26,15,11,15
533807012,25,13,12,14
533807013,98,47,51,21
533807024,36,18,18,9
533807031,225,112,113,55
533807033,29,15,14,8
533807034,185,87,98,41
533807041,251,124,127,66
533807042,313,150,163,65
533807044,163,77,86,42
533807051,376,186,190,85
533807052,440,210,230,116
533807053,113,52,61,35
533807054,286,139,147,67
533807061,221,104,117,46
533807062,240,120,120,64
533807063,187,98,89,47
533807071,59,26,33,13
533807074,34,18,16,5
533807081,504,258,246,140
533807082,441,213,228,127
533807083,177,85,92,54
533807104,23,22,1,22
533807131,31,15,16,8
533807132,171,83,88,37
533807134,132,63,69,28
533807142,28,14,14,8
533807143,26,12,14,7
533807144,190,93,97,47
533807151,142,71,71,32
533807152,804,402,402,233
533807153,104,56,48,39
533807154,416,209,207,104
533807161,267,125,142,76
533807162,313,148,165,83
533807163,78,34,44,18
533807164,196,123,73,86
533807171,221,111,110,59
533807172,217,110,107,49
533807173,213,104,109,68
533807174,205,99,106,52
533807182,193,86,107,45
533807183,325,161,164,93
533807201,37,25,12,27
533807203,79,40,39,23
533807204,72,38,34,23
533807212,94,46,48,28
533807234,5,3,2,2
533807241,132,66,66,46
533807242,43,19,24,13
533807251,208,100,108,57
533807252,359,182,177,113
533807254,26,12,14,12
533807274,23,11,12,10
533807282,58,33,25,19
533807283,1067,520,547,299
533807284,242,108,134,104
533807293,58,29,29,19
533807294,113,50,63,37
533807301,656,348,308,184
533807304,43,22,21,23
533807321,6,3,3,5
533807333,46,24,22,9
533807341,47,25,22,9
533807342,63,34,29,7
533807344,38,19,19,8
533807364,2,1,1,2
533807372,84,41,43,23
533807381,659,307,352,198
533807382,820,386,434,288
533807383,90,43,47,31
533807384,804,400,404,246
533807391,923,457,466,292
533807392,894,443,451,328
533807393,396,185,211,111
533807394,262,125,137,75
533807421,3,1,2,2
533807443,3,2,1,2
533807451,75,38,37,16
533807453,78,39,39,16
533807454,230,114,116,56
533807461,81,42,39,24
533807462,50,10,40,1
533807481,305,150,155,81
533807482,191,95,96,47
533807484,290,134,156,78
533807491,18,7,11,4
533807561,11,11,0,11
533807572,14,8,6,8
533807581,293,142,151,66
533807802,13,7,6,5
533807803,140,66,74,39
533807804,55,30,25,17
533807823,25,10,15,10
533807902,85,40,45,29
533807914,107,52,55,34
533807923,57,30,27,27
533810203,11,5,6,5
533810354,14,6,8,4
533811992,8,5,3,6
533812171,87,39,48,35
533812172,61,29,32,30
533812182,19,9,10,10
533812194,27,11,16,15
533812262,119,47,72,61
533812373,40,15,25,22
533812471,56,23,33,23
533812474,53,21,32,32
533812671,32,14,18,17
533812763,56,27,29,20
533812771,80,43,37,42
533812772,10,5,5,6
533812862,67,32,35,33
533812972,74,24,50,45
533813001,58,28,30,24
533813014,14,8,6,8
533813051,76,29,47,26
533813052,153,64,89,53
533813053,288,162,126,119
533813062,128,60,68,44
533813071,131,63,68,44
533813082,107,50,57,32
533813083,247,118,129,72
533813084,76,34,42,21
533813111,51,22,29,28
533813124,68,34,34,26
533813132,55,25,30,23
533813153,24,13,11,9
533813171,163,75,88,51
533813172,133,66,67,44
533813211,12,3,9,10
533813233,69,34,35,28
533813242,336,158,178,117
533813244,137,67,70,47
533813251,220,95,125,73
533813253,194,97,97,69
533813272,113,64,49,40
533813274,110,62,48,39
533813283,31,14,17,10
533813314,29,13,16,11
533813321,62,23,39,37
533813342,31,16,15,14
533813351,84,42,42,32
533813352,67,34,33,18
533813353,65,27,38,25
533813362,42,21,21,15
533813363,27,14,13,17
533813364,52,23,29,27
533813381,242,111,131,85
533813382,20,10,10,7
533813383,350,155,195,119
533813384,256,121,135,80
533813412,42,20,22,20
533813431,101,43,58,43
533813444,19,9,10,12
533813451,95,44,51,33
533813452,149,74,75,50
533813482,144,67,77,46
533813491,153,71,82,53
533813493,107,52,55,33
533813521,32,11,21,21
533813522,27,12,15,14
533813532,47,23,24,18
533813544,127,63,64,50
533813551,35,17,18,11
533813552,319,154,165,96
533813553,192,85,107,60
533813561,55,26,29,20
533813572,25,9,16,15
533813582,304,156,148,82
533813593,63,28,35,19
533813623,9,4,5,5
533813624,31,13,18,17
533813634,87,40,47,28
533813644,161,81,80,56
533813651,60,27,33,18
533813652,26,11,15,9
533813653,22,9,13,8
533813662,95,43,52,43
533813673,26,12,14,12
533813681,28,12,16,12
533813732,74,32,42,37
533813751,131,67,64,45
533813753,95,45,50,39
533813754,51,24,27,16
533813764,116,62,54,36
533813773,209,99,110,62
533813774,371,174,197,127
533813783,164,82,82,48
533813784,220,104,116,63
533813793,149,67,82,46
533813794,92,43,49,28
533813822,27,11,16,10
533813832,64,32,32,23
533813834,73,31,42,24
533813841,50,23,27,23
533813851,118,56,62,32
533813852,725,338,387,211
533813853,25,11,14,7
533813854,229,108,121,67
533813862,248,119,129,66
533813864,151,74,77,49
533813873,287,134,153,86
533813874,427,212,215,139
533813882,144,70,74,47
533813893,56,23,33,20
533813942,3,3,0,3
533813952,210,116,94,59
533813961,455,224,231,135
533813962,410,194,216,117
533813963,338,167,171,99
533813964,157,82,75,43
533813971,280,135,145,87
533813972,150,65,85,45
533813973,240,106,134,74
533813982,46,21,25,16
533813993,9,6,3,3
533814082,52,27,25,9
533814083,53,30,23,17
533814091,60,33,27,24
533814171,63,29,34,14
533814174,76,42,34,17
533814182,78,42,36,17
533814324,15,8,7,9
533814404,16,7,9,9
533814413,18,8,10,9
533814453,6,4,2,1
533814503,170,79,91,50
533814554,122,111,11,122
533814583,186,87,99,68
533814602,62,31,31,24
533814604,40,17,23,20
533814631,58,29,29,20
533814703,88,40,48,27
533814704,130,55,75,48
533814712,150,76,74,54
533814713,56,29,27,18
533814721,110,53,57,29
533814722,50,22,28,17
533814741,44,18,26,16
533814784,225,110,115,62
533814812,41,21,20,16
533814821,42,18,24,21
533814833,55,27,28,23
533814903,59,27,32,23
533814912,83,43,40,23
533814913,8,4,4,6
533814941,82,35,47,29
533814981,66,30,36,23
533814982,68,29,39,23
533815003,75,41,34,23
533815392,1,1,0,1
533815394,1,1,0,1
533815474,131,57,74,54
533815492,1,1,0,1
533815553,17,9,8,6
533815561,1,1,0,1
533815562,2,1,1,1
533815564,5,3,2,1
533815571,5,3,2,1
533815643,104,50,54,38
533815674,50,11,39,1
533815734,21,17,4,16
533815753,7,4,3,2
533815754,224,112,112,58
533815763,864,421,443,217
533815764,124,59,65,31
533815774,145,72,73,35
533815783,89,68,21,58
533815794,171,85,86,61
533815834,96,40,56,31
533815843,85,39,46,23
533815852,149,70,79,40
533815861,136,72,64,45
533815871,51,25,26,15
533815872,248,123,125,59
533815874,195,88,107,50
533815881,216,103,113,53
533815882,23,17,6,17
533815891,2,1,1,1
533815893,29,14,15,11
533815894,65,32,33,17
533815941,154,74,80,43
533815982,170,87,83,49
533815983,149,72,77,46
533815984,40,26,14,13
533815992,95,53,42,31
533815993,366,190,176,109
533815994,163,87,76,61
533816074,180,91,89,49
533816081,406,195,211,92
533816083,186,94,92,42
533816172,397,199,198,105
533816174,497,254,243,128
533816181,30,14,16,7
533816183,194,91,103,46
533816192,161,78,83,42
533816271,86,34,52,23
533816272,120,62,58,35
533816301,1,1,0,1
533816303,1,1,0,1
533816304,1,1,0,1
533816343,31,18,13,13
533816354,149,74,75,44
533816364,553,307,246,213
533816372,48,24,24,15
533816373,752,594,158,565
533816374,197,88,109,66
533816384,71,35,36,19
533816393,70,36,34,17
533816394,29,13,16,10
533816401,1,1,0,1
533816402,1,1,0,1
533816403,2,1,1,1
533816404,2,1,1,1
533816434,53,33,20,27
533816461,357,357,0,3
533816462,15,8,7,7
533816463,34,19,15,8
533816464,348,174,174,89
533816471,227,122,105,70
533816473,86,48,38,15
533816474,290,142,148,73
533816481,30,17,13,8
533816482,309,161,148,79
533816483,465,232,233,104
533816484,682,337,345,150
533816491,152,78,74,39
533816493,242,122,120,59
533816501,2,1,1,1
533816502,2,1,1,1
533816503,2,1,1,1
533816504,2,1,1,1
533816511,21,12,9,5
533816513,2,1,1,1
533816533,13,6,7,4
533816534,51,31,20,26
533816541,500,246,254,152
533816542,255,120,135,46
533816543,390,193,197,111
533816551,26,11,15,7
533816552,111,64,47,21
533816561,211,99,112,47
533816562,313,141,172,62
533816563,177,84,93,37
533816564,24,10,14,5
533816571,514,245,269,131
533816572,191,101,90,46
533816574,38,17,21,10
533816581,361,176,185,77
533816582,495,233,262,108
533816584,260,135,125,52
533816591,127,61,66,29
533816602,2,0,2,1
533816604,3,1,2,1
533816611,3,1,2,1
533816612,5,2,3,2
533816613,4,1,3,1
533816614,7,3,4,2
533816623,533,242,291,38
533816624,868,430,438,274
533816631,113,52,61,35
533816632,547,272,275,151
533816633,603,307,296,190
533816634,628,314,314,207
533816641,565,277,288,145
533816642,27,6,21,16
533816643,551,264,287,181
533816644,16,9,7,4
533816651,384,194,190,143
533816653,337,166,171,88
533816691,40,24,16,14
533816702,4,1,3,1
533816704,5,2,3,1
533816711,5,2,3,1
533816713,7,3,4,1
533816721,6,4,2,4
533816722,1041,501,540,358
533816723,68,26,42,7
533816724,849,419,430,281
533816731,1256,601,655,408
533816732,837,408,429,275
533816733,1063,548,515,399
533816734,1369,681,688,501
533816741,995,500,495,324
533816742,55,27,28,14
533816743,760,378,382,247
533816744,404,202,202,117
533816751,343,166,177,93
533816753,897,467,430,239
533816754,33,18,15,9
533816801,57,26,31,15
533816802,246,127,119,83
533816803,153,78,75,43
533816804,74,30,44,30
533816811,13,9,4,1
533816813,238,127,111,80
533816814,5,3,2,4
533816821,62,29,33,18
533816822,747,364,383,279
533816823,421,210,211,131
533816824,417,230,187,167
533816831,951,489,462,322
533816832,1298,638,660,402
533816833,1349,663,686,463
533816834,1498,727,771,508
533816841,1150,546,604,329
533816842,355,182,173,106
533816843,1794,840,954,527
533816844,860,401,459,235
533816851,1066,525,541,275
533816852,947,477,470,232
533816853,775,389,386,200
533816854,909,447,462,217
533816863,32,18,14,7
533816864,23,12,11,6
533816901,454,224,230,128
533816902,668,306,362,220
533816904,640,312,328,209
533816911,561,269,292,188
533816912,305,147,158,82
533816913,1387,683,704,425
533816914,1227,591,636,360
533816921,812,373,439,262
533816922,207,106,101,63
533816924,35,18,17,12
533816931,1237,610,627,404
533816932,1909,902,1007,652
533816933,959,483,476,271
533816934,756,364,392,211
533816941,1862,866,996,573
533816942,1248,585,663,341
533816943,1252,600,652,375
533816944,1044,510,534,270
533816951,548,275,273,163
533816952,1041,517,524,247
533816953,206,106,100,61
533816954,436,213,223,102
533816961,811,397,414,197
533816962,989,483,506,243
533816963,870,419,451,210
533816964,555,274,281,127
533816971,229,105,124,50
533817003,155,80,75,53
533817013,60,28,32,21
533817022,61,33,28,24
533817023,92,46,46,22
533817033,172,101,71,125
533817114,73,43,30,31
533817121,642,325,317,144
533817123,107,54,53,30
533817222,70,40,30,25
533817503,52,25,27,17
533817764,220,109,111,54
533817874,151,78,73,38
533817981,163,79,84,33
533820323,30,14,16,12
533820424,33,16,17,12
533820433,32,14,18,11
533820461,48,24,24,19
533820524,32,17,15,13
533820622,30,15,15,12
533820633,149,75,74,59
533820641,38,18,20,15
533820642,38,18,20,15
533820643,63,27,36,21
533820644,41,18,23,15
533820731,142,71,71,61
533820732,80,36,44,28
533820733,134,66,68,56
533820743,46,22,24,17
533820831,43,21,22,14
533820924,65,29,36,28
533820934,25,13,12,8
533820941,29,14,15,8
533820944,27,15,12,11
533822253,76,35,41,38
533822344,48,23,25,22
533822642,47,21,26,26
533822941,65,38,27,31
533823014,141,59,82,64
533823034,172,82,90,58
533823043,134,64,70,41
533823044,14,5,9,8
533823071,122,60,62,36
533823072,220,115,105,67
533823074,269,129,140,91
533823082,21,9,12,9
533823083,76,33,43,27
533823093,135,63,72,44
533823112,6,3,3,4
533823114,7,4,3,4
533823151,17,5,12,8
533823161,73,32,41,22
533823163,260,118,142,76
533823164,88,47,41,24
533823171,80,42,38,23
533823181,183,89,94,53
533823212,8,3,5,4
533823253,16,5,11,10
533823261,153,71,82,46
533823292,40,20,20,15
533823293,72,37,35,22
533823294,31,13,18,13
533823334,113,56,57,41
533823352,33,16,17,12
533823361,80,45,35,22
533823382,78,43,35,24
533823384,48,27,21,17
533823394,88,53,35,27
533823441,97,48,49,31
533823443,50,12,38,1
533823452,52,28,24,15
533823461,35,17,18,14
533823462,157,75,82,46
533823463,52,24,28,21
533823464,116,53,63,50
533823472,258,123,135,77
533823473,177,90,87,47
533823474,319,157,162,98
533823484,123,57,66,40
533823491,132,67,65,34
533823541,211,102,109,60
533823542,161,80,81,50
533823561,139,66,73,45
533823562,877,406,471,285
533823563,121,59,62,34
533823564,671,312,359,227
533823571,23,11,12,8
533823572,76,36,40,22
533823573,577,263,314,204
533823583,222,102,120,63
533823631,32,15,17,16
533823641,35,15,20,16
533823661,120,57,63,32
533823662,372,181,191,129
533823663,351,166,185,116
533823664,715,360,355,231
533823671,602,294,308,193
533823673,988,479,509,297
533823681,58,27,31,18
533823682,213,103,110,68
533823684,328,167,161,97
533823693,823,405,418,228
533823694,420,201,219,127
533823752,77,37,40,21
533823753,93,46,47,25
533823754,327,171,156,90
533823761,625,300,325,190
533823762,731,344,387,219
533823763,208,104,104,59
533823764,649,329,320,202
533823771,1137,549,588,344
533823772,135,63,72,35
533823773,918,442,476,275
533823774,145,72,73,38
533823782,60,29,31,16
533823791,654,315,339,197
533823792,829,411,418,265
533823793,197,103,94,70
533823794,1038,528,510,341
533823824,29,13,16,13
533823851,124,60,64,35
533823852,286,146,140,89
533823854,221,105,116,60
533823861,228,112,116,65
533823862,342,160,182,105
533823863,386,183,203,102
533823864,745,388,357,213
533823871,643,309,334,191
533823872,97,47,50,29
533823873,617,297,320,180
533823884,79,54,25,47
533823891,16,9,7,7
533823892,521,257,264,166
533823894,40,21,19,10
533823923,184,93,91,62
533823924,167,79,88,58
533823952,179,89,90,45
533823954,220,109,111,49
533823961,144,69,75,38
533823962,97,49,48,29
533823963,228,109,119,64
533823964,132,67,65,36
533823971,164,79,85,49
533823973,573,273,300,196
533823982,190,99,91,78
533823991,184,101,83,43
533823993,578,291,287,170
533823994,204,91,113,48
533824001,38,20,18,13
533824031,31,13,18,17
533824044,16,7,9,10
533824101,94,45,49,32
533824163,18,6,12,7
533824203,48,23,25,18
533824213,50,24,26,18
533824343,80,42,38,28
533824354,44,22,22,14
533824392,29,15,14,11
533824393,121,56,65,44
533824394,48,26,22,20
533824431,37,20,17,12
533824434,34,17,17,15
533824464,69,34,35,28
533824472,40,20,20,14
533824481,149,75,74,52
533824522,20,8,12,9
533824603,239,115,124,69
533824604,222,113,109,74
533824701,1135,540,595,375
533824702,651,313,338,200
533824703,902,444,458,274
533824704,770,370,400,237
533824711,552,245,307,137
533824713,201,97,104,55
533824743,343,167,176,94
533824744,113,53,60,29
533824753,298,154,144,80
533824801,224,110,114,75
533824802,341,171,170,93
533824803,893,438,455,292
533824804,12,5,7,2
533824811,192,95,97,63
533824812,474,225,249,144
533824813,127,67,60,38
533824814,106,51,55,30
533824821,227,118,109,70
533824822,296,148,148,73
533824823,162,87,75,48
533824824,55,29,26,16
533824831,20,10,10,6
533824832,139,71,68,38
533824833,406,192,214,101
533824841,122,61,61,38
533824842,349,180,169,91
533824843,512,256,256,142
533824844,257,131,126,66
533824851,117,62,55,30
533824862,321,153,168,69
533824871,587,300,287,162
533824872,9,5,4,2
533824873,102,55,47,33
533824874,319,158,161,79
533824883,131,62,69,26
533824901,116,57,59,32
533824904,258,119,139,63
533824913,159,74,85,43
533824914,233,121,112,73
533824921,9,9,0,9
533824934,516,256,260,141
533824941,57,30,27,16
533824942,271,134,137,68
533824943,203,97,106,53
533824944,98,49,49,26
533824961,136,61,75,28
533824963,238,124,114,53
533824971,112,53,59,32
533824973,344,165,179,82
533825022,169,80,89,50
533825042,54,27,27,17
533825054,61,30,31,18
533825063,73,34,39,17
533825064,25,12,13,8
533825072,57,32,25,18
533825073,127,61,66,35
533825082,21,11,10,6
533825084,191,98,93,73
533825091,232,111,121,67
533825092,556,261,295,158
533825093,872,412,460,244
533825094,1109,533,576,299
533825171,293,142,151,99
533825191,139,65,74,35
533825192,419,205,214,121
533825274,143,70,73,48
533825291,36,14,22,12
533825293,250,120,130,67
533825294,154,79,75,51
533825381,92,47,45,28
533825391,598,279,319,180
533825392,93,43,50,25
533825393,130,64,66,38
533825514,172,74,98,76
533825631,213,101,112,77
533825643,87,37,50,40
533825651,96,48,48,37
533825652,83,37,46,34
533825901,81,40,41,28
533825914,32,17,15,9
533825942,38,18,20,11
533825943,1,1,0,1
533826001,848,413,435,266
533826002,375,178,197,112
533826003,821,386,435,222
533826004,588,280,308,159
533826011,1085,509,576,325
533826012,303,154,149,84
533826013,165,76,89,51
533826014,15,7,8,3
533826031,10,4,6,2
533826032,532,267,265,149
533826034,392,193,199,100
533826041,95,48,47,29
533826042,410,204,206,111
533826044,5,2,3,1
533826051,877,439,438,244
533826052,329,168,161,90
533826053,91,38,53,29
533826054,360,186,174,95
533826061,154,75,79,38
533826063,1448,699,749,450
533826101,145,70,75,32
533826121,507,238,269,151
533826152,21,11,10,6
533826154,224,115,109,67
533826161,414,195,219,110
533826162,200,101,99,53
533826163,550,275,275,137
533826164,502,254,248,135
533826173,160,79,81,49
533826183,180,88,92,51
533826212,128,67,61,33
533826214,73,39,34,22
533826261,502,254,248,135
533826262,621,302,319,146
533826263,78,33,45,22
533826271,723,352,371,203
533826272,274,143,131,78
533826273,242,126,116,76
533826274,980,465,515,265
533826283,664,328,336,175
533826284,35,17,18,9
533826302,41,19,22,11
533826311,83,40,43,23
533826312,216,104,112,59
533826313,119,56,63,42
533826314,679,343,336,203
533826321,293,155,138,79
533826323,35,15,20,9
533826371,216,101,115,63
533826372,687,325,362,199
533826373,278,144,134,82
533826381,307,151,156,86
533826382,566,278,288,156
533826384,216,111,105,71
533826392,403,200,203,114
533826393,186,94,92,66
533826394,623,316,307,187
533826412,288,140,148,86
533826491,363,177,186,119
533826492,996,489,507,280
533826493,34,17,17,9
533826494,671,336,335,184
533826531,5,3,2,1
533826592,44,22,22,12
533826754,15,8,7,7
533826764,34,19,15,2
533826783,146,78,68,45
533826784,157,81,76,48
533826791,76,39,37,20
533826792,138,73,65,34
533826793,294,137,157,80
533826794,58,25,33,14
533826862,69,32,37,16
533826882,137,68,69,44
533826911,133,63,70,30
533827054,6,3,3,5
533827082,162,82,80,38
533827093,208,103,105,45
533827104,226,118,108,58
533827134,121,57,64,34
533827153,151,75,76,37
533827201,155,86,69,41
533827241,186,95,91,46
533827301,213,107,106,59
533827303,288,144,144,78
533827323,193,94,99,58
533827324,366,174,192,104
533827333,260,134,126,69
533827401,901,439,462,300
533827403,298,143,155,87
533827404,596,300,296,221
533827412,753,306,447,628
533827413,498,255,243,201
533827414,757,325,432,545
533827422,523,255,268,136
533827423,306,131,175,216
533827424,491,243,248,152
533827501,228,106,122,58
533827511,149,72,77,66
533827512,992,410,582,567
533827514,109,44,65,56
533827521,894,396,498,547
533827522,286,139,147,88
533827523,1162,550,612,510
533827524,379,170,209,154
533827531,52,23,29,13
533827532,120,58,62,26
533827533,369,186,183,108
533827534,261,128,133,90
533827542,114,57,57,27
533827543,11,6,5,6
533827544,28,16,12,11
533827553,153,73,80,38
533827554,202,100,102,50
533827601,101,54,47,24
533827604,56,28,28,15
533827612,187,87,100,61
533827613,197,108,89,69
533827614,67,36,31,20
533827621,328,149,179,103
533827622,876,398,478,309
533827623,105,51,54,43
533827624,1303,611,692,451
533827632,3,1,2,1
533827633,34,17,17,9
533827634,113,55,58,33
533827641,523,244,279,146
533827642,4,1,3,3
533827643,105,55,50,28
533827691,1,1,0,1
533827701,75,32,43,19
533827703,178,82,96,45
533827704,216,104,112,58
533827711,137,65,72,41
533827712,101,46,55,29
533827713,92,47,45,23
533827714,350,169,181,87
533827721,534,243,291,160
533827722,1169,554,615,384
533827723,378,185,193,95
533827724,484,248,236,147
533827731,400,185,215,124
533827732,225,113,112,66
533827733,552,276,276,147
533827734,22,11,11,7
533827744,56,28,28,21
533827751,138,69,69,39
533827752,187,99,88,48
533827753,248,138,110,101
533827762,90,43,47,29
533827771,88,41,47,28
533827773,56,25,31,14
533827774,302,157,145,89
533827781,148,76,72,34
533827782,317,168,149,98
533827822,219,127,92,8
533827824,6,2,4,2
533827831,783,366,417,253
533827832,322,154,168,106
533827833,222,110,112,76
533827834,194,92,102,51
533827841,33,17,16,10
533827842,122,62,60,42
533827843,894,446,448,286
533827844,127,69,58,43
533827893,125,61,64,30
533827931,32,15,17,11
533827932,105,50,55,29
533827941,482,235,247,156
533827942,86,43,43,25
533827944,109,60,49,35
533827953,190,87,103,61
533827954,4,4,0,4
533827974,74,36,38,21
533830034,204,98,106,89
533830044,32,16,16,10
533830053,28,14,14,11
533830063,63,31,32,25
533830134,81,39,42,35
533830142,24,11,13,9
533830344,20,11,9,7
533830444,21,11,10,7
533830642,22,11,11,7
533830644,21,11,10,6
533832484,11,5,6,3
533832672,1,1,0,1
533832691,28,12,16,9
533832692,50,27,23,18
533832693,29,17,12,10
533832694,174,92,82,58
533833052,52,46,6,51
533833053,77,38,39,21
533833054,153,84,69,41
533833061,286,141,145,76
533833062,248,125,123,65
533833063,189,98,91,41
533833064,478,234,244,135
533833071,855,409,446,260
533833072,207,99,108,54
533833073,826,398,428,237
533833074,407,195,212,119
533833081,88,44,44,35
533833082,273,137,136,66
533833083,749,357,392,205
533833084,664,313,351,185
533833092,409,203,206,116
533833093,41,19,22,19
533833094,108,52,56,34
533833142,133,70,63,30
533833144,200,99,101,63
533833161,384,192,192,89
533833162,204,101,103,57
533833164,297,154,143,92
533833171,556,278,278,173
533833172,277,138,139,90
533833173,658,326,332,191
533833174,52,26,26,16
533833181,285,150,135,87
533833182,304,149,155,86
533833183,85,42,43,27
533833193,443,210,233,122
533833194,539,283,256,169
533833241,65,32,33,18
533833242,86,41,45,22
533833243,39,19,20,7
533833244,304,147,157,73
533833251,193,95,98,50
533833253,84,41,43,22
533833254,278,136,142,83
533833261,318,150,168,85
533833262,674,357,317,210
533833263,185,103,82,48
533833264,917,480,437,275
533833271,647,328,319,181
533833272,854,408,446,247
533833273,1064,515,549,344
533833274,469,234,235,154
533833282,355,174,181,96
533833283,378,204,174,116
533833284,474,236,238,134
533833291,732,338,394,194
533833292,226,113,113,58
533833293,219,102,117,55
533833342,298,140,158,84
533833344,147,72,75,41
533833352,257,118,139,69
533833353,139,54,85,23
533833354,63,30,33,19
533833361,418,207,211,99
533833362,780,390,390,238
533833363,270,140,130,107
533833364,260,128,132,90
533833371,1080,513,567,338
533833372,499,244,255,138
533833373,1121,547,574,375
533833374,145,68,77,43
533833381,558,279,279,151
533833382,322,160,162,85
533833383,33,17,16,10
533833384,113,53,60,32
533833391,425,208,217,103
533833392,350,163,187,101
533833393,478,242,236,153
533833394,797,379,418,205
533833422,11,5,6,5
533833451,163,83,80,42
533833452,506,244,262,138
533833461,60,27,33,20
533833463,324,155,169,80
533833464,465,220,245,132
533833472,584,284,300,171
533833473,199,103,96,57
533833481,602,300,302,169
533833482,682,307,375,199
533833483,281,132,149,88
533833491,154,78,76,45
533833492,500,260,240,160
533833493,100,53,47,27
533833494,491,257,234,143
533833542,174,82,92,47
533833544,22,11,11,6
533833551,271,131,140,69
533833553,258,118,140,68
533833554,82,38,44,22
533833561,421,203,218,105
533833562,257,124,133,60
533833563,263,135,128,61
533833564,452,225,227,143
533833571,474,250,224,152
533833572,604,280,324,156
533833573,814,395,419,247
533833574,109,57,52,27
533833581,358,158,200,111
533833583,630,311,319,187
533833584,7,4,3,2
533833591,274,137,137,75
533833592,523,245,278,152
533833593,104,52,52,32
533833594,157,82,75,57
533833601,27,14,13,9
533833603,186,93,93,65
533833604,10,5,5,4
533833613,69,37,32,23
533833652,88,45,43,21
533833653,97,47,50,22
533833654,99,45,54,28
533833662,130,62,68,36
533833663,566,270,296,153
533833664,136,66,70,36
533833671,945,455,490,272
533833672,29,15,14,9
533833673,827,368,459,226
533833674,163,90,73,50
533833681,207,101,106,44
533833682,397,192,205,110
533833683,124,65,59,30
533833684,400,203,197,106
533833691,120,56,64,29
533833692,428,204,224,113
533833693,40,17,23,11
533833694,511,251,260,146
533833751,150,71,79,40
533833752,19,8,11,5
533833753,570,268,302,149
533833754,118,63,55,25
533833761,377,179,198,97
533833762,327,163,164,85
533833763,149,68,81,36
533833771,396,189,207,107
533833773,253,123,130,73
533833774,143,72,71,42
533833782,191,102,89,49
533833791,188,93,95,58
533833792,54,25,29,16
533833793,5,2,3,2
533833822,59,28,31,14
533833823,7,4,3,3
533833832,49,25,24,13
533833834,17,8,9,5
533833842,120,55,65,32
533833843,173,88,85,49
533833851,347,168,179,83
533833853,727,365,362,210
533833854,196,91,105,46
533833864,162,77,85,39
533833871,461,223,238,126
533833872,341,168,173,88
533833873,540,260,280,153
533833874,52,28,24,13
533833881,119,59,60,31
533833882,262,128,134,65
533833883,378,126,252,68
533833884,513,247,266,142
533833891,306,151,155,82
533833893,268,130,138,81
533833894,207,100,107,68
533833932,152,78,74,35
533833942,124,65,59,32
533833944,96,60,36,2
533833951,579,287,292,177
533833952,769,374,395,257
533833953,402,230,172,55
533833961,511,256,255,151
533833962,729,370,359,225
533833963,124,58,66,24
533833964,122,61,61,31
533833971,585,286,299,168
533833972,677,305,372,254
533833973,578,281,297,158
533833974,544,288,256,177
533833981,549,276,273,179
533833982,263,129,134,84
533833983,588,285,303,172
533833984,693,344,349,201
533833991,405,194,211,115
533833992,285,142,143,90
533833993,603,280,323,169
533833994,76,42,34,26
533834003,407,204,203,123
533834004,239,111,128,83
533834011,372,182,190,111
533834012,345,169,176,118
533834013,666,327,339,234
533834014,878,452,426,288
533834021,688,342,346,211
533834023,1806,889,917,568
533834024,143,77,66,40
533834044,14,8,6,3
533834051,19,11,8,6
533834054,92,34,58,44
533834061,243,114,129,56
533834062,2,2,0,2
533834063,192,98,94,45
533834072,29,15,14,8
533834083,178,85,93,57
533834084,225,111,114,57
533834091,102,54,48,30
533834092,175,84,91,45
533834093,372,184,188,90
533834094,28,12,16,8
533834101,696,346,350,206
533834102,241,118,123,73
533834103,378,197,181,119
533834111,999,515,484,339
533834112,981,477,504,339
533834113,445,218,227,133
533834114,1050,521,529,344
533834121,976,488,488,359
533834122,412,204,208,130
533834123,846,427,419,299
533834131,284,139,145,97
533834132,201,103,98,57
533834133,81,39,42,23
533834144,141,71,70,38
533834152,576,280,296,154
533834153,184,82,102,60
533834161,148,70,78,35
533834171,108,55,53,28
533834172,157,79,78,49
533834174,291,144,147,74
533834182,190,99,91,46
533834191,9,4,5,3
533834194,120,63,57,32
533834202,58,29,29,17
533834204,399,206,193,112
533834211,54,26,28,16
533834212,384,193,191,120
533834213,146,75,71,42
533834214,831,399,432,286
533834221,677,348,329,227
533834222,521,271,250,179
533834223,297,151,146,109
533834224,72,37,35,23
533834231,463,250,213,187
533834232,543,285,258,174
533834233,268,146,122,116
533834234,307,164,143,112
533834241,97,44,53,27
533834243,3,2,1,1
533834244,140,69,71,44
533834252,212,102,110,56
533834254,130,60,70,37
533834271,133,63,70,33
533834272,217,113,104,56
533834273,277,130,147,87
533834281,38,19,19,10
533834282,8,4,4,3
533834283,373,191,182,107
533834284,5,2,3,1
533834291,340,165,175,90
533834292,222,115,107,58
533834293,370,181,189,96
533834294,9,4,5,3
533834302,446,208,238,128
533834304,36,19,17,11
533834311,101,48,53,29
533834312,1114,596,518,443
533834313,165,76,89,50
533834314,471,237,234,155
533834321,710,351,359,235
533834322,159,52,107,115
533834323,1349,671,678,481
533834324,562,316,246,287
533834331,375,218,157,153
533834332,1206,677,529,563
533834333,691,349,342,268
533834334,1207,646,561,473
533834341,244,133,111,85
533834342,1043,760,283,211
533834344,518,260,258,169
533834351,550,287,263,234
533834352,326,159,167,95
533834353,1351,706,645,509
533834354,758,373,385,245
533834361,207,99,108,87
533834362,247,124,123,80
533834363,328,165,163,117
533834364,359,176,183,101
533834371,12,8,4,7
533834372,12,6,6,3
533834381,360,179,181,94
533834382,430,203,227,128
533834383,9,6,3,4
533834392,93,47,46,28
533834394,221,97,124,57
533834401,94,64,30,55
533834402,695,341,354,209
533834404,202,97,105,66
533834411,740,367,373,232
533834412,155,76,79,50
533834413,49,24,25,16
533834414,252,111,141,63
533834421,211,98,113,69
533834422,424,204,220,127
533834423,41,22,19,14
533834424,390,196,194,115
533834431,111,65,46,43
533834432,407,221,186,184
533834433,270,133,137,94
533834434,577,324,253,254
533834441,72,64,8,64
533834442,1174,630,544,480
533834443,423,224,199,172
533834444,1572,792,780,543
533834451,1789,910,879,631
533834452,418,214,204,147
533834453,1090,547,543,356
533834454,319,155,164,96
533834461,48,27,21,16
533834462,294,147,147,97
533834463,768,429,339,224
533834464,377,191,186,121
533834471,13,7,6,4
533834472,64,28,36,12
533834474,152,74,78,43
533834481,26,13,13,6
533834482,3,1,2,2
533834483,362,181,181,115
533834484,261,122,139,76
533834492,371,183,188,84
533834493,104,50,54,32
533834494,95,47,48,24
533834512,470,268,202,194
533834513,364,183,181,108
533834514,710,362,348,235
533834521,259,133,126,78
533834522,206,99,107,70
533834523,792,389,403,260
533834524,731,336,395,246
533834531,610,316,294,193
533834532,787,426,361,343
533834533,135,70,65,51
533834534,1183,616,567,475
533834541,1247,643,604,478
533834542,2050,1033,1017,717
533834543,919,466,453,361
533834544,1053,543,510,416
533834551,661,350,311,241
533834552,1421,729,692,490
533834553,960,472,488,387
533834554,789,390,399,285
533834561,919,442,477,302
533834562,171,86,85,50
533834563,967,456,511,340
533834564,794,396,398,258
533834571,128,62,66,39
533834572,467,206,261,89
533834573,456,204,252,139
533834574,367,176,191,101
533834581,679,322,357,200
533834582,353,174,179,114
533834583,525,249,276,160
533834584,614,303,311,180
533834591,707,337,370,210
533834592,571,275,296,157
533834593,474,224,250,143
533834594,218,99,119,59
533834601,4,2,2,1
533834602,75,39,36,34
533834603,14,8,6,7
533834604,521,262,259,179
533834611,937,504,433,361
533834612,1250,671,579,490
533834613,954,509,445,375
533834614,964,496,468,335
533834621,1195,563,632,406
533834622,743,370,373,261
533834623,553,267,286,182
533834624,611,308,303,196
533834631,549,284,265,180
533834632,810,419,391,313
533834633,272,139,133,85
533834634,410,211,199,147
533834641,802,408,394,291
533834642,370,188,182,135
533834643,921,433,488,337
533834644,1435,701,734,515
533834651,907,457,450,350
533834652,973,509,464,386
533834653,1644,798,846,641
533834654,1816,898,918,720
533834661,946,466,480,346
533834662,186,97,89,57
533834663,2056,1039,1017,677
533834664,785,399,386,295
533834671,91,48,43,30
533834672,412,190,222,142
533834673,210,108,102,70
533834674,445,220,225,172
533834681,476,240,236,170
533834682,522,281,241,173
533834683,349,174,175,111
533834684,255,133,122,81
533834691,827,407,420,273
533834692,397,200,197,143
533834693,427,208,219,158
533834694,355,178,177,141
533834702,688,340,348,234
533834704,25,14,11,8
533834711,1135,571,564,370
533834712,925,460,465,324
533834713,726,351,375,224
533834714,1194,589,605,397
533834721,764,391,373,280
533834722,394,194,200,140
533834723,1289,650,639,465
533834724,1036,510,526,380
533834731,248,112,136,64
533834732,589,317,272,266
533834733,429,216,213,167
533834734,895,432,463,343
533834741,1243,620,623,476
533834742,1652,780,872,619
533834743,1354,677,677,524
533834744,1716,851,865,685
533834751,1632,788,844,628
533834752,2117,1006,1111,773
533834753,1691,816,875,633
533834754,2043,991,1052,755
533834761,1350,647,703,506
533834762,987,485,502,388
533834763,1707,803,904,601
533834764,923,453,470,357
533834771,659,343,316,232
533834772,133,73,60,48
533834773,896,462,434,310
533834774,401,209,192,161
533834781,581,290,291,203
533834782,261,138,123,87
533834783,587,300,287,230
533834784,26,13,13,9
533834791,349,166,183,117
533834792,348,159,189,161
533834793,378,186,192,124
533834794,292,141,151,101
533834802,282,135,147,77
533834803,74,37,37,22
533834804,88,45,43,28
533834811,961,490,471,326
533834812,1164,572,592,372
533834813,703,369,334,230
533834814,942,471,471,301
533834821,1106,523,583,365
533834822,801,396,405,306
533834823,841,413,428,303
533834824,855,420,435,294
533834831,1486,732,754,545
533834832,948,461,487,364
533834833,1030,499,531,391
533834834,1392,683,709,571
533834841,1822,877,945,744
533834842,1236,599,637,472
533834843,1576,760,816,631
533834844,1864,892,972,733
533834851,1370,662,708,528
533834852,2054,988,1066,789
533834853,1372,651,721,572
533834854,2378,1080,1298,985
533834861,2176,1038,1138,824
533834862,1665,821,844,611
533834863,2641,1230,1411,1019
533834864,1802,876,926,630
533834871,2026,1018,1008,711
533834872,620,335,285,272
533834873,1125,603,522,476
533834874,979,592,387,478
533834881,467,278,189,168
533834882,379,211,168,139
533834883,885,575,310,536
533834884,522,311,211,287
533834891,638,320,318,232
533834892,507,257,250,188
533834893,483,166,317,75
533834894,254,120,134,97
533834901,115,61,54,21
533834902,583,296,287,193
533834903,475,247,228,182
533834904,1202,591,611,382
533834911,901,474,427,304
533834912,779,394,385,290
533834913,1284,669,615,484
533834914,1371,688,683,512
533834921,1164,591,573,439
533834922,773,389,384,282
533834923,890,459,431,334
533834924,3288,1547,1741,1136
533834931,1068,539,529,431
533834932,771,380,391,322
533834933,1309,639,670,456
533834934,941,471,470,305
533834941,1081,506,575,455
533834942,2098,912,1186,928
533834943,1028,500,528,429
533834944,1686,786,900,742
533834951,1472,694,778,620
533834952,1390,648,742,561
533834953,1609,755,854,676
533834954,1046,492,554,464
533834961,2219,1055,1164,902
533834962,1856,924,932,778
533834963,634,297,337,269
533834964,893,463,430,401
533834971,1639,824,815,713
533834972,1419,855,564,604
533834973,1247,617,630,525
533834974,570,278,292,212
533834981,378,195,183,189
533834982,346,185,161,139
533834991,308,146,162,95
533834992,243,128,115,95
533834993,149,77,72,53
533835003,66,36,30,19
533835004,66,35,31,17
533835011,156,81,75,43
533835034,187,97,90,48
533835083,43,18,25,10
533835092,126,57,69,36
533835102,203,90,113,63
533835103,184,91,93,52
533835131,52,27,25,14
533835132,57,27,30,12
533835133,182,95,87,46
533835173,247,121,126,69
533835201,499,240,259,134
533835202,9,6,3,2
533835203,12,4,8,3
533835204,267,138,129,67
533835214,612,299,313,164
533835221,65,36,29,19
533835222,340,161,179,88
533835223,90,47,43,25
533835224,213,103,110,49
533835233,249,118,131,63
533835234,74,32,42,17
533835262,162,73,89,39
533835263,177,78,99,36
533835264,176,83,93,43
533835301,379,183,196,108
533835302,329,165,164,83
533835303,64,33,31,15
533835304,396,190,206,110
533835311,223,107,116,56
533835312,11,6,5,3
533835313,402,191,211,112
533835314,393,195,198,108
533835321,262,134,128,70
533835323,151,72,79,36
533835332,225,103,122,53
533835334,237,115,122,61
533835354,182,98,84,50
533835361,306,142,164,79
533835402,371,186,185,99
533835403,168,89,79,52
533835404,82,44,38,25
533835411,401,198,203,105
533835412,406,187,219,115
533835413,391,186,205,102
533835414,372,177,195,96
533835421,221,76,145,4
533835422,65,30,35,23
533835423,98,49,49,24
533835424,480,236,244,141
533835431,283,142,141,101
533835432,375,174,201,98
533835433,675,326,349,208
533835434,470,226,244,114
533835441,123,57,66,37
533835442,37,20,17,11
533835443,74,36,38,20
533835444,63,28,35,17
533835451,557,274,283,164
533835453,208,104,104,50
533835454,139,61,78,35
533835501,179,86,93,53
533835504,435,225,210,126
533835513,137,64,73,35
533835514,36,16,20,8
533835521,359,173,186,102
533835522,324,150,174,92
533835523,367,177,190,106
533835524,432,202,230,121
533835531,287,138,149,87
533835533,456,219,237,116
533835534,237,121,116,69
533835541,240,115,125,58
533835542,39,18,21,9
533835543,77,37,40,17
533835544,76,35,41,23
533835551,139,67,72,37
533835552,122,56,66,33
533835553,221,111,110,57
533835554,121,58,63,35
533835561,141,69,72,40
533835563,203,96,107,56
533835601,283,136,147,100
533835602,99,45,54,31
533835603,508,252,256,173
533835604,463,238,225,168
533835611,265,150,115,115
533835613,222,112,110,75
533835614,13,8,5,4
533835621,553,283,270,164
533835622,283,140,143,83
533835623,685,330,355,214
533835624,346,168,178,99
533835631,416,195,221,111
533835632,94,43,51,23
533835633,186,93,93,55
533835634,105,50,55,28
533835642,235,103,132,69
533835643,193,93,100,56
533835644,47,23,24,13
533835651,548,262,286,160
533835652,286,139,147,81
533835653,182,87,95,64
533835661,222,115,107,59
533835664,86,37,49,19
533835701,673,325,348,274
533835702,536,245,291,214
533835703,598,287,311,274
533835704,644,306,338,247
533835711,296,139,157,108
533835712,371,178,193,121
533835713,744,346,398,293
533835714,334,162,172,120
533835721,347,151,196,111
533835722,684,344,340,203
533835723,284,138,146,102
533835724,448,211,237,161
533835731,106,52,54,34
533835733,289,137,152,90
533835734,328,160,168,86
533835741,157,75,82,38
533835742,162,82,80,50
533835743,86,43,43,24
533835744,473,226,247,135
533835751,253,116,137,65
533835752,140,75,65,36
533835753,149,76,73,42
533835754,592,270,322,158
533835761,344,160,184,86
533835762,180,79,101,47
533835773,330,166,164,82
533835801,524,253,271,203
533835802,835,397,438,331
533835803,345,163,182,142
533835804,498,232,266,216
533835811,906,422,484,384
533835812,292,122,170,122
533835813,979,464,515,430
533835814,579,228,351,299
533835821,326,155,171,116
533835823,563,241,322,268
533835824,269,129,140,138
533835831,295,141,154,71
533835832,56,26,30,17
533835833,234,114,120,89
533835834,239,120,119,78
533835841,477,208,269,105
533835842,187,92,95,52
533835843,65,33,32,16
533835851,199,101,98,69
533835852,35,15,20,10
533835853,343,161,182,88
533835854,308,151,157,86
533835861,368,177,191,92
533835863,286,132,154,77
533835864,364,174,190,91
533835871,63,30,33,15
533835872,97,43,54,26
533835873,236,122,114,62
533835874,242,123,119,72
533835881,272,135,137,67
533835882,48,23,25,15
533835883,224,104,120,55
533835884,213,100,113,56
533835891,10,5,5,3
533835892,11,5,6,3
533835893,81,42,39,20
533835894,62,41,21,35
533835901,342,166,176,119
533835902,252,124,128,81
533835911,563,250,313,237
533835912,470,199,271,224
533835913,708,356,352,274
533835914,358,177,181,124
533835921,864,398,466,306
533835922,574,245,329,217
533835923,387,174,213,146
533835924,527,242,285,196
533835931,208,102,106,65
533835932,126,58,68,37
533835933,52,23,29,18
533835934,654,304,350,158
533835941,543,258,285,155
533835942,238,116,122,75
533835943,232,111,121,68
533835944,421,211,210,140
533835951,48,24,24,15
533835953,334,159,175,94
533835954,213,105,108,59
533835961,332,164,168,92
533835962,107,54,53,29
533835963,545,270,275,162
533835964,151,77,74,40
533835971,127,61,66,34
533835972,262,131,131,81
533835973,329,156,173,80
533835974,337,169,168,91
533835981,260,119,141,73
533835982,297,142,155,81
533835983,388,186,202,106
533835984,259,135,124,71
533835991,5,3,2,2
533835992,7,4,3,2
533835993,9,5,4,2
533835994,8,4,4,2
533836194,255,120,135,68
533836241,58,26,32,18
533836243,61,27,34,18
533836244,130,63,67,38
533836254,167,79,88,51
533836261,295,158,137,104
533836272,345,180,165,100
533836273,154,71,83,44
533836281,281,142,139,74
533836291,86,36,50,26
533836394,3,2,1,2
533836511,3,1,2,1
533836611,228,212,16,215
533836612,189,97,92,50
533836614,23,12,11,11
533836623,294,143,151,92
533836624,279,132,147,85
533836633,312,157,155,95
533836643,187,103,84,67
533836703,44,22,22,12
533836711,119,59,60,35
533836712,157,89,68,55
533836801,80,40,40,22
533836901,54,24,30,14
533836903,10,4,6,2
533836912,8,2,6,3
533836942,57,26,31,18
533837032,114,70,44,54
533837041,95,53,42,35
533837042,233,123,110,78
533837043,593,300,293,192
533837044,278,142,136,103
533837051,3,1,2,1
533837072,69,33,36,20
533837073,60,30,30,18
533837101,220,107,113,68
533837102,654,325,329,199
533837103,200,108,92,62
533837104,428,202,226,109
533837113,329,169,160,107
533837141,905,454,451,314
533837142,83,42,41,26
533837143,257,137,120,83
533837144,274,137,137,101
533837171,86,40,46,23
533837174,135,73,62,37
533837181,76,33,43,22
533837183,71,29,42,21
533837201,382,180,202,89
533837221,358,171,187,92
533837222,209,91,118,84
533837223,610,327,283,219
533837231,160,86,74,47
533837232,194,100,94,73
533837234,155,80,75,49
533837242,37,20,17,18
533837243,282,129,153,97
533837244,257,135,122,106
533837252,202,94,108,67
533837253,472,230,242,200
533837281,150,94,56,77
533837292,170,78,92,49
533837293,125,63,62,41
533837294,154,76,78,46
533837321,286,130,156,82
533837323,460,226,234,143
533837334,11,6,5,5
533837341,12,7,5,5
533837342,172,84,88,71
533837343,13,6,7,4
533837344,349,166,183,122
533837351,1368,635,733,516
533837352,482,218,264,191
533837353,557,284,273,218
533837354,1151,501,650,497
533837361,53,26,27,24
533837362,86,39,47,34
533837363,310,146,164,107
533837364,530,264,266,176
533837371,199,90,109,70
533837372,88,41,47,30
533837373,454,222,232,161
533837374,257,120,137,81
533837381,242,115,127,71
533837382,421,212,209,139
533837383,953,475,478,313
533837384,617,309,308,191
533837391,571,280,291,166
533837392,612,312,300,205
533837393,592,301,291,168
533837412,68,29,39,16
533837422,49,14,35,1
533837442,152,77,75,45
533837443,74,35,39,23
533837452,183,76,107,80
533837461,381,199,182,113
533837462,179,88,91,48
533837464,325,152,173,91
533837471,413,198,215,123
533837472,680,350,330,206
533837473,322,150,172,82
533837474,179,85,94,47
533837481,443,218,225,136
533837482,199,102,97,59
533837483,181,94,87,63
533837484,51,30,21,2
533837492,115,58,57,27
533837493,513,253,260,152
533837512,80,42,38,26
533837513,78,40,38,25
533837522,66,33,33,18
533837533,37,19,18,9
533837534,54,27,27,14
533837552,207,102,105,55
533837553,210,95,115,54
533837554,463,225,238,122
533837561,436,201,235,139
533837563,298,145,153,90
533837564,385,188,197,114
533837581,289,146,143,83
533837604,76,72,4,72
533837611,158,80,78,42
533837613,19,18,1,19
533837624,75,37,38,18
533837633,54,26,28,14
533837651,273,141,132,69
533837661,347,171,176,83
533837662,205,89,116,64
533837663,106,53,53,44
533837754,150,76,74,36
533837762,137,65,72,42
533837764,76,39,37,20
533837773,60,31,29,15
533837822,49,24,25,13
533837853,54,27,27,14
533837854,50,25,25,13
533837863,37,35,2,36
533837871,23,23,0,23
533837873,136,66,70,34
533837874,62,31,31,15
533837884,96,49,47,26
533837892,67,39,28,27
533837893,57,33,24,26
533837961,52,26,26,14
533837963,54,25,29,14
533837971,170,78,92,40
533837972,44,19,25,12
533837973,171,95,76,80
533840301,14,8,6,6
533840302,17,9,8,5
533840403,77,39,38,21
533840503,68,34,34,20
533840571,16,8,8,8
533840601,55,28,27,14
533840611,13,8,5,4
533840624,16,8,8,4
533840631,17,9,8,4
533840703,57,28,29,13
533840712,27,13,14,8
533840714,28,14,14,7
533840754,62,29,33,22
533840762,34,19,15,16
533840771,92,43,49,34
533840821,28,13,15,7
533840823,30,14,16,7
533840863,66,30,36,22
533840873,140,60,80,44
533840914,135,72,63,44
533840963,72,37,35,21
533842313,26,18,8,24
533842844,27,14,13,12
533843042,476,244,232,84
533843051,431,235,196,70
533843052,50,28,22,1
533843053,146,73,73,35
533843062,110,56,54,32
533843071,251,121,130,79
533843072,81,41,40,26
533843074,20,11,9,7
533843081,192,90,102,49
533843082,26,13,13,7
533843083,20,11,9,7
533843084,20,10,10,7
533843091,226,106,120,56
533843151,157,70,87,33
533843153,261,102,159,49
533843161,16,7,9,5
533843162,110,57,53,29
533843163,495,244,251,129
533843164,146,68,78,35
533843171,695,348,347,236
533843172,570,289,281,147
533843173,418,229,189,141
533843174,57,30,27,17
533843181,22,11,11,7
533843182,23,11,12,7
533843183,471,455,16,23
533843184,389,292,97,87
533843193,79,47,32,37
533843194,288,144,144,86
533843242,176,83,93,42
533843244,6,4,2,1
533843251,219,109,110,69
533843252,111,52,59,38
533843253,173,85,88,49
533843254,98,51,47,29
533843261,330,162,168,91
533843262,146,74,72,41
533843263,175,83,92,50
533843271,135,67,68,35
533843281,53,29,24,20
533843282,94,45,49,39
533843283,407,203,204,159
533843284,650,322,328,249
533843291,264,118,146,96
533843292,312,133,179,106
533843293,463,215,248,146
533843294,251,125,126,77
533843341,315,165,150,97
533843342,348,155,193,94
533843343,144,74,70,33
533843344,185,94,91,57
533843351,116,59,57,35
533843352,21,10,11,6
533843353,452,221,231,130
533843354,509,247,262,161
533843361,24,12,12,6
533843362,264,128,136,95
533843363,754,371,383,238
533843364,97,56,41,48
533843371,30,18,12,13
533843372,89,43,46,33
533843373,145,71,74,60
533843374,374,182,192,122
533843381,554,299,255,201
533843382,328,167,161,112
533843383,272,142,130,90
533843384,12,4,8,1
533843391,250,118,132,74
533843392,589,289,300,160
533843393,50,26,24,16
533843394,298,158,140,79
533843434,245,110,135,73
533843441,248,119,129,74
533843443,57,38,19,21
533843451,250,125,125,82
533843452,138,77,61,43
533843453,468,225,243,159
533843454,361,181,180,146
533843461,296,143,153,114
533843462,767,387,380,262
533843463,1241,595,646,436
533843464,661,323,338,218
533843471,33,14,19,8
533843473,150,73,77,43
533843483,72,35,37,20
533843484,72,39,33,20
533843492,201,95,106,61
533843494,156,79,77,45
533843532,107,50,57,39
533843541,301,151,150,88
533843543,106,49,57,36
533843544,21,13,8,8
533843551,119,60,59,43
533843552,735,359,376,251
533843553,190,94,96,65
533843554,430,213,217,143
533843561,967,471,496,375
533843562,363,176,187,103
533843563,426,205,221,159
533843571,144,70,74,34
533843573,147,71,76,34
533843591,226,104,122,66
533843632,221,111,110,57
533843633,66,30,36,19
533843642,425,203,222,127
533843643,362,177,185,110
533843644,205,101,104,58
533843651,70,22,48,8
533843652,391,182,209,118
533843654,904,449,455,280
533843661,130,66,64,40
533843663,383,216,167,158
533843664,92,46,46,2
533843682,70,37,33,19
533843694,41,23,18,15
533843724,66,26,40,20
533843731,296,139,157,89
533843733,69,34,35,21
533843734,263,125,138,74
533843741,500,238,262,165
533843742,240,112,128,60
533843743,154,75,79,42
533843744,180,84,96,47
533843752,727,357,370,227
533843754,464,225,239,138
533843761,31,17,14,6
533843762,198,102,96,57
533843772,146,69,77,35
533843781,114,56,58,29
533843784,288,150,138,74
533843791,73,38,35,19
533843793,76,39,37,19
533843822,284,134,150,72
533843824,138,65,73,49
533843841,143,59,84,37
533843842,119,62,57,33
533843852,270,135,135,77
533843862,116,60,56,33
533843864,41,21,20,10
533843872,129,63,66,43
533843873,155,78,77,39
533843881,132,64,68,43
533843882,393,196,197,102
533843892,80,39,41,30
533843921,140,66,74,49
533843924,40,22,18,12
533843933,195,88,107,68
533843934,172,81,91,52
533843942,62,27,35,18
533843943,81,37,44,24
533843944,294,159,135,92
533843951,614,290,324,184
533843954,160,83,77,42
533843961,205,98,107,55
533843963,197,97,100,54
533843972,98,49,49,29
533843981,49,24,25,14
533843993,144,74,70,50
533844001,216,108,108,81
533844002,525,253,272,161
533844003,2,1,1,2
533844004,434,212,222,143
533844011,1105,553,552,433
533844012,659,332,327,249
533844013,1376,699,677,485
533844014,951,492,459,327
533844021,745,395,350,260
533844022,1532,747,785,471
533844023,1118,554,564,369
533844024,1291,620,671,444
533844031,1144,556,588,404
533844032,801,371,430,285
533844033,996,471,525,339
533844034,986,492,494,400
533844041,1058,495,563,468
533844042,862,459,403,362
533844043,1582,779,803,656
533844044,1803,922,881,634
533844051,1439,683,756,680
533844052,1396,677,719,638
533844053,2138,1008,1130,905
533844054,2134,1092,1042,933
533844061,326,141,185,141
533844062,251,127,124,89
533844063,973,436,537,406
533844071,447,223,224,150
533844072,175,86,89,51
533844074,181,87,94,58
533844084,53,27,26,14
533844101,96,54,42,29
533844102,182,56,126,20
533844103,246,119,127,73
533844111,731,363,368,228
533844112,1205,593,612,406
533844113,956,465,491,302
533844114,1593,792,801,520
533844121,978,490,488,338
533844122,1288,627,661,425
533844123,986,481,505,321
533844124,938,463,475,356
533844131,1025,483,542,359
533844132,2058,955,1103,833
533844133,1450,691,759,532
533844134,1311,622,689,491
533844141,2433,1159,1274,989
533844142,1804,868,936,817
533844143,539,267,272,216
533844144,1016,511,505,433
533844151,1723,772,951,761
533844152,1447,739,708,705
533844153,2244,1116,1128,1064
533844154,1797,1016,781,1004
533844161,1085,593,492,638
533844162,658,386,272,312
533844163,2105,1233,872,1033
533844164,552,304,248,236
533844173,53,27,26,21
533844201,341,183,158,118
533844202,397,198,199,116
533844203,434,209,225,121
533844204,88,44,44,37
533844211,480,233,247,152
533844212,1019,506,513,350
533844213,610,291,319,199
533844214,287,146,141,98
533844221,868,423,445,294
533844222,1093,529,564,396
533844223,686,338,348,247
533844224,1379,684,695,468
533844231,1551,728,823,566
533844232,1369,619,750,516
533844233,1571,758,813,520
533844234,1273,605,668,405
533844242,398,178,220,130
533844243,96,47,49,34
533844244,114,57,57,1
533844251,1112,575,537,449
533844252,1838,967,871,844
533844253,491,240,251,179
533844254,879,460,419,354
533844261,583,319,264,278
533844263,617,303,314,203
533844301,536,257,279,170
533844302,412,203,209,126
533844311,639,297,342,196
533844312,706,335,371,207
533844313,167,84,83,56
533844314,277,140,137,82
533844321,789,384,405,270
533844322,1621,794,827,533
533844323,379,178,201,130
533844324,507,245,262,165
533844331,1031,494,537,333
533844332,772,354,418,232
533844333,71,36,35,13
533844334,40,20,20,12
533844342,254,130,124,59
533844351,176,83,93,76
533844352,496,236,260,147
533844362,294,137,157,89
533844364,102,44,58,28
533844411,2,1,1,1
533844412,2,1,1,1
533844413,3,1,2,1
533844414,3,1,2,1
533844442,167,86,81,48
533844471,236,106,130,81
533844511,4,2,2,1
533844512,5,2,3,1
533844513,6,3,3,1
533844514,325,160,165,86
533844522,188,89,99,54
533844524,167,86,81,42
533844533,165,77,88,46
533844534,105,52,53,35
533844542,254,119,135,58
533844552,130,65,65,43
533844561,141,63,78,43
533844634,162,72,90,46
533844684,38,21,17,12
533844721,216,113,103,58
533844812,35,22,13,8
533844823,62,33,29,15
533844824,36,15,21,11
533844841,23,13,10,10
533844854,17,7,10,10
533844923,24,10,14,9
533844933,28,13,15,9
533844963,54,26,28,22
533845012,586,278,308,187
533845014,85,43,42,25
533845021,161,78,83,53
533845022,335,165,170,110
533845023,343,161,182,122
533845024,438,220,218,124
533845031,55,31,24,15
533845032,161,82,79,52
533845033,519,253,266,134
533845034,384,188,196,118
533845041,467,230,237,133
533845042,354,171,183,95
533845043,516,252,264,162
533845044,249,137,112,95
533845051,47,25,22,17
533845052,42,20,22,11
533845053,100,50,50,28
533845054,37,17,20,10
533845061,140,66,74,40
533845062,59,25,34,15
533845063,115,57,58,28
533845064,228,109,119,63
533845071,211,104,107,52
533845072,123,60,63,35
533845073,65,30,35,18
533845074,195,89,106,51
533845081,419,199,220,132
533845082,6,2,4,1
533845083,401,198,203,120
533845084,7,3,4,1
533845091,72,34,38,23
533845092,6,3,3,1
533845093,175,76,99,49
533845094,274,135,139,65
533845114,4,2,2,2
533845121,291,138,153,75
533845122,505,238,267,139
533845124,318,158,160,85
533845131,382,175,207,107
533845132,74,24,50,1
533845133,439,213,226,130
533845134,253,117,136,69
533845141,73,34,39,24
533845142,598,297,301,184
533845143,271,133,138,67
533845144,586,268,318,214
533845151,149,67,82,41
533845153,690,343,347,265
533845154,621,293,328,201
533845161,64,33,31,18
533845163,142,71,71,40
533845171,239,116,123,65
533845172,291,132,159,76
533845173,253,123,130,69
533845174,300,144,156,80
533845181,188,88,100,45
533845182,118,58,60,30
533845183,181,85,96,45
533845184,209,109,100,51
533845191,136,65,71,29
533845192,202,117,85,67
533845194,200,93,107,55
533845221,359,166,193,91
533845222,232,113,119,68
533845223,185,85,100,47
533845224,265,129,136,70
533845231,817,470,347,150
533845232,703,332,371,217
533845234,330,153,177,97
533845241,502,238,264,172
533845242,811,389,422,292
533845243,332,154,178,110
533845244,866,434,432,214
533845251,632,301,331,239
533845252,670,314,356,215
533845253,553,269,284,208
533845254,594,293,301,183
533845261,75,34,41,25
533845262,555,256,299,159
533845263,556,262,294,181
533845264,169,70,99,53
533845272,123,59,64,34
533845273,112,52,60,25
533845274,208,105,103,53
533845281,18,10,8,5
533845282,158,77,81,42
533845283,456,221,235,143
533845284,128,46,82,20
533845293,140,69,71,37
533845321,104,52,52,27
533845323,108,53,55,27
533845341,89,43,46,23
533845342,348,177,171,128
533845344,216,110,106,73
533845351,924,444,480,337
533845352,792,369,423,268
533845353,861,412,449,274
533845354,756,360,396,233
533845361,656,318,338,238
533845362,152,71,81,41
533845363,497,246,251,156
533845364,284,134,150,88
533845371,280,144,136,74
533845372,117,53,64,32
533845373,396,197,199,112
533845374,415,204,211,128
533845381,637,303,334,205
533845382,226,123,103,86
533845383,375,175,200,125
533845384,492,236,256,141
533845391,246,121,125,69
533845393,270,124,146,77
533845434,70,35,35,23
533845442,395,193,202,115
533845443,294,140,154,83
533845444,279,136,143,88
533845451,544,263,281,154
533845452,374,174,200,118
533845453,443,204,239,126
533845454,125,59,66,33
533845461,437,203,234,137
533845462,452,213,239,135
533845463,213,108,105,62
533845464,213,103,110,57
533845471,784,359,425,249
533845472,660,315,345,240
533845473,149,69,80,42
533845474,882,432,450,250
533845481,731,346,385,253
533845482,1066,525,541,381
533845483,1405,663,742,465
533845484,1449,698,751,497
533845491,501,242,259,159
533845492,208,113,95,56
533845493,423,191,232,136
533845494,165,79,86,45
533845531,126,63,63,36
533845532,12,5,7,3
533845533,131,61,70,37
533845534,140,69,71,38
533845541,249,119,130,73
533845542,160,72,88,41
533845543,374,194,180,95
533845544,97,45,52,25
533845552,343,162,181,89
533845554,373,187,186,102
533845561,125,65,60,36
533845562,417,202,215,113
533845563,244,114,130,65
533845564,394,193,201,106
533845571,225,116,109,65
533845572,651,308,343,200
533845573,378,188,190,117
533845574,116,58,58,35
533845581,566,281,285,192
533845582,457,215,242,145
533845583,174,85,89,51
533845584,579,301,278,164
533845591,259,123,136,75
533845593,273,129,144,86
533845594,278,130,148,80
533845613,68,33,35,20
533845622,130,64,66,37
533845623,72,33,39,20
533845631,283,134,149,74
533845652,263,130,133,79
533845654,80,36,44,24
533845661,17,7,10,5
533845662,246,130,116,89
533845664,25,12,13,8
533845671,596,294,302,163
533845672,54,26,28,17
533845673,476,244,232,136
533845682,214,109,105,58
533845683,5,2,3,2
533845691,105,51,54,28
533845693,134,61,73,35
533845694,107,55,52,32
533845701,72,33,39,28
533845752,35,17,18,10
533845754,39,19,20,10
533845762,182,106,76,71
533845764,159,80,79,47
533845771,700,334,366,184
533845772,250,118,132,83
533845773,141,70,71,38
533845774,170,79,91,53
533845781,5,2,3,2
533845782,7,3,4,2
533845783,72,34,38,17
533845784,8,3,5,1
533845792,162,73,89,50
533845794,166,78,88,51
533845823,64,32,32,22
533845824,41,20,21,11
533845833,152,77,75,44
533845841,83,43,40,19
533845843,183,92,91,51
533845844,101,48,53,29
533845862,89,44,45,31
533845864,310,149,161,98
533845871,203,95,108,63
533845872,152,75,77,44
533845873,401,186,215,123
533845892,204,104,100,60
533845894,156,79,77,41
533845901,80,37,43,33
533845902,46,19,27,17
533845912,59,29,30,25
533845921,65,38,27,28
533845922,63,30,33,24
533845931,116,54,62,39
533845942,89,48,41,27
533845951,182,89,93,51
533845952,209,94,115,55
533845953,40,22,18,11
533845954,207,102,105,54
533845961,111,56,55,32
533845962,96,46,50,29
533845963,142,73,69,37
533845964,218,101,117,59
533845971,279,138,141,94
533845973,242,118,124,72
533845974,95,47,48,24
533845992,153,79,74,41
533846143,11,11,0,11
533846144,29,19,10,15
533846201,129,60,69,34
533846241,11,10,1,11
533846242,10,9,1,10
533846244,10,9,1,10
533846392,130,126,4,126
533846503,427,212,215,113
533846601,191,93,98,55
533846602,198,97,101,53
533846603,397,184,213,104
533846604,163,73,90,41
533846613,140,66,74,40
533846654,30,30,0,29
533846661,31,30,1,29
533846663,29,28,1,29
533846664,29,28,1,29
533846701,53,22,31,14
533846702,126,65,61,37
533846704,3,2,1,1
533846711,305,154,151,86
533846712,143,68,75,47
533846713,7,2,5,3
533846714,335,156,179,88
533846721,134,68,66,40
533846722,114,61,53,30
533846723,136,58,78,41
533846724,151,76,75,45
533846733,308,152,156,101
533846752,29,28,1,29
533846761,29,28,1,29
533846762,29,28,1,29
533846764,7,3,4,2
533846802,4,1,3,1
533846804,4,1,3,1
533846814,89,44,45,26
533846843,99,52,47,32
533846903,96,48,48,26
533846942,14,7,7,6
533847043,24,14,10,9
533847054,28,15,13,9
533847071,202,104,98,48
533847073,199,104,95,51
533847173,205,153,52,132
533847264,318,166,152,86
533847363,60,54,6,56
533847461,63,50,13,47
533847551,76,38,38,23
533847684,95,48,47,33
533847964,140,67,73,48
533850014,69,36,33,22
533850163,174,87,87,44
533850264,160,78,82,48
533850274,64,31,33,23
533850421,62,33,29,18
533850422,61,31,30,14
533850424,63,30,33,14
533850471,98,50,48,27
533850473,216,108,108,65
533850512,66,31,35,17
533850522,70,35,35,19
533850523,61,28,33,16
533850524,71,35,36,19
533850562,107,52,55,34
533850564,56,27,29,17
533850612,35,17,18,9
533850633,71,33,38,19
533850664,230,111,119,58
533850712,72,33,39,18
533850714,100,53,47,24
533850722,68,31,37,18
533850723,25,11,14,8
533850762,158,40,118,2
533850764,257,126,131,69
533850801,212,101,111,50
533850803,267,130,137,71
533850821,47,23,24,15
533850822,131,62,69,34
533850824,92,46,46,28
533850833,22,10,12,8
533850851,61,27,34,18
533850852,94,41,53,26
533850853,114,51,63,33
533850854,6,4,2,4
533850874,300,139,161,80
533850901,172,78,94,42
533850912,43,20,23,13
533850922,238,113,125,61
533850932,109,53,56,37
533850934,216,101,115,57
533850943,636,313,323,194
533850944,39,20,19,12
533850951,75,43,32,23
533850953,356,183,173,106
533851313,12,4,8,6
533852214,1,1,0,1
533852253,66,28,38,26
533852352,28,15,13,13
533852354,125,52,73,39
533852372,119,68,51,39
533852373,16,12,4,6
533852384,102,48,54,33
533852392,98,47,51,28
533852393,167,81,86,40
533852394,107,60,47,31
533852453,62,29,33,22
533852454,275,132,143,102
533852462,90,44,46,34
533852463,109,50,59,36
533852472,172,84,88,61
533852474,111,58,53,35
533852482,49,22,27,13
533852492,87,49,38,32
533852494,183,91,92,56
533852552,102,45,57,35
533852584,173,81,92,56
533852591,101,48,53,34
533852653,301,146,155,92
533852664,227,102,125,72
533852673,226,112,114,73
533852674,190,94,96,61
533852691,86,40,46,34
533852693,99,43,56,26
533852694,208,97,111,61
533852744,8,5,3,3
533852762,429,200,229,129
533852763,55,25,30,18
533852771,19,9,10,4
533852774,200,95,105,64
533852794,141,71,70,40
533852842,10,6,4,3
533852851,215,102,113,63
533852852,186,92,94,62
533852861,192,100,92,65
533852883,231,120,111,80
533852892,51,22,29,14
533852893,107,63,44,30
533852894,517,324,193,232
533852934,210,101,109,66
533852942,107,70,37,53
533852943,13,9,4,3
533852944,221,105,116,75
533852951,46,22,24,24
533852963,52,24,28,19
533852964,51,24,27,16
533852974,109,51,58,37
533852982,8,5,3,4
533852984,67,33,34,21
533852991,527,270,257,178
533852992,591,294,297,196
533852993,123,56,67,37
533852994,463,217,246,163
533853012,205,102,103,59
533853014,227,113,114,69
533853024,79,37,42,28
533853031,74,37,37,22
533853032,177,87,90,57
533853033,262,136,126,69
533853034,114,60,54,34
533853042,472,229,243,145
533853044,345,172,173,101
533853051,97,47,50,29
533853053,162,83,79,52
533853054,127,61,66,40
533853063,44,25,19,16
533853073,103,49,54,36
533853094,125,60,65,38
533853114,189,93,96,67
533853122,45,22,23,15
533853123,137,66,71,45
533853124,76,38,38,24
533853134,109,61,48,38
533853142,59,29,30,20
533853151,150,75,75,42
533853152,230,114,116,73
533853153,95,43,52,35
533853161,97,47,50,25
533853203,185,85,100,50
533853211,92,47,45,24
533853212,246,114,132,80
533853213,27,15,12,7
533853222,130,60,70,42
533853224,179,87,92,59
533853241,63,22,41,4
533853242,310,145,165,90
533853243,405,174,231,91
533853251,161,84,77,58
533853253,128,65,63,35
533853254,139,71,68,44
533853261,151,71,80,43
533853263,234,122,112,74
533853271,3,2,1,2
533853302,84,42,42,28
533853303,130,66,64,39
533853311,85,45,40,24
533853312,119,59,60,38
533853313,204,104,100,59
533853332,242,116,126,80
533853333,80,37,43,27
533853334,24,11,13,8
533853341,426,191,235,127
533853343,487,238,249,141
533853344,51,24,27,17
533853353,205,105,100,62
533853361,130,56,74,41
533853374,55,27,28,19
533853401,433,217,216,146
533853402,638,292,346,205
533853412,6,4,2,2
533853413,73,39,34,22
533853414,116,57,59,39
533853423,79,36,43,35
533853431,147,68,79,43
533853432,296,145,151,96
533853433,18,8,10,7
533853434,338,160,178,107
533853441,157,77,80,43
533853443,11,5,6,3
533853444,103,51,52,29
533853451,207,104,103,68
533853464,6,2,4,2
533853481,85,43,42,22
533853501,13,7,6,5
533853511,254,128,126,88
533853513,51,23,28,21
533853532,322,161,161,123
533853534,22,12,10,8
533853541,292,140,152,91
533853542,38,20,18,10
533853543,258,131,127,86
533853552,264,135,129,72
533853553,105,51,54,29
533853561,175,87,88,53
533853583,4,1,3,3
533853603,176,90,86,49
533853611,132,69,63,39
533853622,290,142,148,93
533853623,62,34,28,22
533853641,78,42,36,25
533853642,21,14,7,10
533853654,62,30,32,23
533853661,49,19,30,14
533853663,48,24,24,16
533853664,134,62,72,42
533853702,349,135,214,93
533853711,133,65,68,45
533853714,85,41,44,25
533853721,97,50,47,36
533853731,165,77,88,52
533853742,87,40,47,28
533853744,127,63,64,33
533853751,273,134,139,91
533853752,152,79,73,47
533853753,40,20,20,13
533853761,73,31,42,22
533853763,58,26,32,23
533853773,41,18,23,14
533853801,169,85,84,53
533853812,177,82,95,52
533853813,126,62,64,42
533853814,105,59,46,29
533853822,146,70,76,47
533853831,121,59,62,36
533853834,105,54,51,35
533853841,228,114,114,66
533853842,87,45,42,28
533853851,110,52,58,38
533853871,121,60,61,43
533853873,76,37,39,30
533853901,62,60,2,60
533853903,256,152,104,127
533853904,318,154,164,97
533853913,116,54,62,45
533853914,191,92,99,68
533853923,341,166,175,110
533853931,81,38,43,26
533853932,60,28,32,20
533853933,341,164,177,99
533853941,260,127,133,77
533853943,67,30,37,19
533853951,64,41,23,22
533853971,57,28,29,20
533853974,100,43,57,27
533853983,32,14,18,11
533854021,46,25,21,12
533854022,34,13,21,18
533854053,23,10,13,11
533854122,84,41,43,22
533854124,73,35,38,28
533854203,4,3,1,3
533854222,47,19,28,22
533854232,18,6,12,12
533854242,70,29,41,39
533854254,12,7,5,6
533854322,74,34,40,31
533854652,19,8,11,12
533854664,22,6,16,14
533855011,79,37,42,31
533855012,94,44,50,33
533855013,21,11,10,9
533855034,44,23,21,15
533855044,62,31,31,16
533855052,111,53,58,28
533855053,59,27,32,16
533855054,70,35,35,20
533855061,82,44,38,22
533855062,165,76,89,46
533855063,56,31,25,16
533855064,67,31,36,19
533855071,255,137,118,62
533855074,107,52,55,34
533855081,118,57,61,34
533855083,122,64,58,35
533855111,77,34,43,26
533855161,291,142,149,78
533855162,110,60,50,31
533855163,65,31,34,21
533855184,59,29,30,16
533855261,198,95,103,59
533855291,130,69,61,35
533855293,108,51,57,33
533855302,84,42,42,23
533855474,85,39,46,29
533855482,105,47,58,35
533855493,82,44,38,24
533855581,234,112,122,69
533855592,186,107,79,43
533855692,61,28,33,18
533855694,67,37,30,26
533855721,22,13,9,6
533855923,2,1,1,1
533856002,83,40,43,25
533856302,7,4,3,4
533856522,2,2,0,2
533856663,27,15,12,13
533856701,91,37,54,28
533856703,34,16,18,12
533856704,58,33,25,31
533856754,7,4,3,3
533856801,55,25,30,21
533856973,24,12,12,12
533857054,171,88,83,68
533857061,72,34,38,27
533857062,72,34,38,21
533857141,211,97,114,69
533857151,210,98,112,77
533857172,152,77,75,61
533857294,12,6,6,4
533857384,96,43,53,43
533857392,24,12,12,13
533857393,24,12,12,12
533857394,3,1,2,1
533857433,131,66,65,71
533857434,290,150,140,115
533857441,122,54,68,40
533857453,44,22,22,13
533857464,38,18,20,11
533857472,16,8,8,9
533857473,17,7,10,8
533857502,1,1,0,1
533857531,186,95,91,78
533857532,20,10,10,8
533857572,18,10,8,7
533857592,41,21,20,21
533857924,2,1,1,2
533860001,112,51,61,30
533860002,208,106,102,53
533860003,388,189,199,112
533860004,440,211,229,130
533860011,146,69,77,39
533860013,464,230,234,132
533860014,535,268,267,163
533860021,84,41,43,25
533860023,298,133,165,81
533860024,254,129,125,69
533860032,219,110,109,58
533860033,114,57,57,33
533860034,277,131,146,77
533860041,402,195,207,120
533860042,680,310,370,230
533860043,330,151,179,94
533860044,334,156,178,118
533860051,107,49,58,32
533860053,155,80,75,58
533860073,31,13,18,15
533860074,54,28,26,17
533860093,16,9,7,8
533860102,507,213,294,106
533860104,287,151,136,77
533860111,16,8,8,4
533860112,48,21,27,17
533860122,154,70,84,42
533860123,184,84,100,53
533860124,41,16,25,12
533860154,254,128,126,74
533860172,79,37,42,26
533860183,84,37,47,32
533860201,104,47,57,28
533860202,23,12,11,8
533860214,171,86,85,48
533860221,84,42,42,22
533860223,85,45,40,22
533860264,134,67,67,36
533860274,49,24,25,17
533860311,62,29,33,18
533860312,220,106,114,63
533860313,205,101,104,57
533860314,285,145,140,75
533860364,118,58,60,32
533860373,83,40,43,27
533860382,30,14,16,16
533860392,3,1,2,1
533860393,30,12,18,13
533860402,289,143,146,79
533860403,248,119,129,65
533860411,118,59,59,29
533860414,106,48,58,26
533860421,233,112,121,62
533860422,34,16,18,9
533860424,38,17,21,9
533860473,118,55,63,35
533860501,97,43,54,25
533860503,80,41,39,27
533860574,108,55,53,29
533860601,29,12,17,8
533860603,94,41,53,20
533860604,123,63,60,28
533860664,119,54,65,36
533860672,109,58,51,29
533860674,86,38,48,25
533860701,236,117,119,63
533860703,160,80,80,45
533860772,72,35,37,18
533860774,165,76,89,48
533860783,122,62,60,36
533860801,207,104,103,51
533860872,142,63,79,47
533860874,136,68,68,46
533861383,3,2,1,1
533861403,10,5,5,3
533861681,92,39,53,30
533861694,119,63,56,39
533861762,4,2,2,2
533861782,51,24,27,18
533861783,401,202,199,106
533861784,135,63,72,37
533861792,172,88,84,53
533861793,80,46,34,3
533861794,54,25,29,19
533861814,44,23,21,25
533861872,333,161,172,98
533861873,74,35,39,21
533861882,53,27,26,18
533861884,371,190,181,127
533861891,246,120,126,77
533861892,27,13,14,10
533861893,590,294,296,192
533861894,28,13,15,9
533861971,71,38,33,19
533861972,61,29,32,21
533861973,176,93,83,38
533861974,108,45,63,30
533861981,328,168,160,110
533861982,330,163,167,116
533861983,100,49,51,30
533861984,314,147,167,106
533861991,902,430,472,312
533861992,58,26,32,18
533861993,520,216,304,158
533861994,201,86,115,75
533862043,335,159,176,104
533862054,190,91,99,59
533862064,127,66,61,35
533862081,146,68,78,44
533862091,237,118,119,73
533862092,447,198,249,150
533862094,221,109,112,68
533862134,87,44,43,34
533862152,78,33,45,23
533862154,66,33,33,18
533862161,78,40,38,25
533862163,151,78,73,53
533862171,70,33,37,19
533862173,146,72,74,48
533862193,166,80,86,49
533862232,133,62,71,45
533862242,64,34,30,19
533862243,196,95,101,60
533862244,144,72,72,35
533862251,6,4,2,2
533862252,65,33,32,14
533862253,326,151,175,102
533862254,235,117,118,69
533862261,118,56,62,36
533862263,63,29,34,19
533862274,137,68,69,41
533862281,18,7,11,4
533862283,127,61,66,52
533862291,55,27,28,17
533862292,139,65,74,41
533862293,94,46,48,35
533862314,59,26,33,17
533862321,93,40,53,32
533862341,215,105,110,70
533862342,201,109,92,97
533862343,182,96,86,61
533862344,143,86,57,41
533862351,366,180,186,137
533862353,488,237,251,184
533862354,315,117,198,105
533862364,128,98,30,60
533862372,108,54,54,30
533862384,156,75,81,58
533862391,31,15,16,11
533862392,131,60,71,45
533862412,270,129,141,77
533862413,59,26,33,18
533862414,60,25,35,19
533862432,109,55,54,35
533862441,70,33,37,56
533862442,100,49,51,36
533862443,82,33,49,23
533862451,195,106,89,78
533862452,40,20,20,16
533862453,90,38,52,34
533862464,48,23,25,14
533862471,96,46,50,31
533862472,37,21,16,16
533862474,128,30,98,1
533862484,103,49,54,35
533862503,164,73,91,43
533862504,55,31,24,14
533862512,96,48,48,35
533862513,64,29,35,20
533862514,208,105,103,78
533862523,420,204,216,139
533862524,40,16,24,13
533862531,139,67,72,42
533862532,51,21,30,17
533862534,186,83,103,52
533862561,117,59,58,37
533862563,113,60,53,34
533862571,96,46,50,28
533862581,316,171,145,81
533862582,99,53,46,30
533862583,114,49,65,41
533862584,66,51,15,47
533862601,196,103,93,62
533862603,73,35,38,24
533862611,88,42,46,22
533862612,123,59,64,42
533862614,58,26,32,17
533862621,120,60,60,43
533862623,209,98,111,68
533862624,74,37,37,24
533862641,46,24,22,12
533862643,194,97,97,62
533862653,142,73,69,47
533862661,78,30,48,32
533862693,30,15,15,16
533862721,105,53,52,37
533862741,71,32,39,22
533862812,33,17,16,9
533862814,138,57,81,40
533862821,35,18,17,9
533862901,101,54,47,22
533862902,212,94,118,58
533862903,101,49,52,24
533862904,32,14,18,10
533862911,62,28,34,20
533862912,151,75,76,41
533862913,386,184,202,95
533862943,96,46,50,36
533863001,24,11,13,7
533863003,99,45,54,24
533863012,159,79,80,49
533863013,91,46,45,26
533863014,257,112,145,70
533863021,255,121,134,67
533863023,139,73,66,41
533863024,397,193,204,119
533863031,70,37,33,20
533863033,81,37,44,26
533863034,98,50,48,43
533863041,136,72,64,49
533863042,301,159,142,97
533863044,83,43,40,28
533863072,28,7,21,14
533863081,53,23,30,21
533863084,45,20,25,23
533863091,50,21,29,20
533863092,71,32,39,31
533863101,109,54,55,28
533863102,153,75,78,45
533863114,85,55,30,47
533863122,98,46,52,30
533863131,138,66,72,38
533863132,208,99,109,63
533863134,98,50,48,28
533863152,84,36,48,32
533863154,68,29,39,25
533863161,128,66,62,43
533863191,41,19,22,20
533863193,39,19,20,15
533863194,42,22,20,21
533863201,228,105,123,70
533863202,72,35,37,20
533863203,104,53,51,35
533863204,66,28,38,21
533863211,96,46,50,32
533863212,180,87,93,56
533863213,230,113,117,66
533863214,180,91,89,57
533863233,168,84,84,59
533863252,95,47,48,30
533863253,117,53,64,40
533863254,132,59,73,48
533863301,77,34,43,24
533863302,175,84,91,59
533863303,115,56,59,32
533863304,253,120,133,83
533863311,212,103,109,72
533863312,134,64,70,48
533863313,247,128,119,73
533863314,155,72,83,57
533863323,61,33,28,17
533863331,204,92,112,58
533863333,197,101,96,51
533863401,46,22,24,13
533863402,199,100,99,68
533863432,315,155,160,87
533863441,92,42,50,32
533863443,157,74,83,51
533863524,285,145,140,91
533863544,76,45,31,22
533863561,91,46,45,33
533863622,67,34,33,25
533863632,52,21,31,15
533863633,32,15,17,12
533863644,118,62,56,45
533863654,149,74,75,48
533863662,204,93,111,65
533863671,122,59,63,41
533863722,55,26,29,21
533863731,112,55,57,42
533863753,157,72,85,50
533863822,324,164,160,153
533863853,113,61,52,34
533863854,241,129,112,83
533863952,20,9,11,6
533863953,137,69,68,62
533863961,202,97,105,48
533863963,144,76,68,43
533864111,2,0,2,2
533864154,3,1,2,1
533864203,141,121,20,114
533864214,52,19,33,25
533864312,65,28,37,25
533864323,75,33,42,27
533864324,96,38,58,22
533864401,64,30,34,31
533864402,32,15,17,18
533864413,41,19,22,21
533864503,1,0,1,1
533864511,38,18,20,19
533864613,4,1,3,2
533864621,151,89,62,45
533864731,75,34,41,30
533865362,1,1,0,1
533865722,3,2,1,2
533866202,58,30,28,21
533866313,32,27,5,26
533867981,22,11,11,10
533870001,97,50,47,28
533870003,454,215,239,119
533870074,132,66,66,47
533870101,118,56,62,34
533870103,68,37,31,18
533870172,152,73,79,55
533870182,142,71,71,40
533870283,126,59,67,48
533870381,171,87,84,65
533870484,32,19,13,12
533870503,263,131,132,74
533870513,7,4,3,3
533870601,828,402,426,256
533870602,38,19,19,12
533870603,321,158,163,99
533870604,248,119,129,67
533870701,315,135,180,107
533870702,72,36,36,18
533870703,768,349,419,261
533870704,349,174,175,97
533870713,76,37,39,24
533870714,183,89,94,49
533870751,55,27,28,17
533870753,52,24,28,16
533870801,344,166,178,106
533870803,122,60,62,41
533870901,87,41,46,23
533870902,76,33,43,18
533870904,175,88,87,44
533870923,151,81,70,48
533870933,92,41,51,27
533870942,12,7,5,5
533870943,13,7,6,4
533870992,32,16,16,12
533870993,86,45,41,26
533870994,503,251,252,168
533871062,272,136,136,79
533871064,76,36,40,18
533871071,77,45,32,32
533871073,87,43,44,25
533871081,95,46,49,34
533871082,294,160,134,115
533871083,207,105,102,43
533871084,114,55,59,43
533871091,419,201,218,151
533871092,139,76,63,38
533871094,191,89,102,51
533871162,414,193,221,122
533871163,41,22,19,22
533871164,52,23,29,14
533871182,232,109,123,57
533871194,105,49,56,26
533871252,139,138,1,138
533871253,157,84,73,41
533871254,286,230,56,203
533871261,134,74,60,45
533871271,70,32,38,19
533871281,177,84,93,52
533871282,193,97,96,66
533871342,38,19,19,12
533871344,238,123,115,66
533871351,207,104,103,71
533871352,353,163,190,97
533871353,314,157,157,97
533871361,38,18,20,10
533871362,63,32,31,19
533871371,58,28,30,18
533871373,110,58,52,37
533871391,182,92,90,49
533871442,442,213,229,144
533871443,215,104,111,57
533871444,83,37,46,29
533871451,70,30,40,21
533871453,201,101,100,2
533871463,193,95,98,52
533871473,168,83,85,58
533871482,203,97,106,43
533871484,569,276,293,138
533871491,356,166,190,85
533871493,182,93,89,40
533871524,23,9,14,11
533871531,19,8,11,10
533871541,228,114,114,56
533871543,101,57,44,23
533871551,55,12,43,2
533871561,394,194,200,110
533871571,338,166,172,97
533871573,499,237,262,152
533871574,488,235,253,151
533871624,94,50,44,26
533871632,75,35,40,16
533871643,106,55,51,35
533871644,35,17,18,11
533871651,50,25,25,1
533871652,654,300,354,178
533871654,48,26,22,12
533871671,212,104,108,59
533871674,229,107,122,58
533871683,161,78,83,40
533871722,386,186,200,114
533871723,261,116,145,79
533871724,406,188,218,123
533871731,246,108,138,75
533871732,413,201,212,130
533871733,444,230,214,115
533871734,497,247,250,163
533871741,373,189,184,125
533871742,123,60,63,31
533871743,359,177,182,113
533871744,110,49,61,30
533871751,247,125,122,62
533871752,247,125,122,62
533871764,103,52,51,27
533871772,177,84,93,49
533871773,326,163,163,94
533871774,370,179,191,101
533871783,217,108,109,58
533871792,182,90,92,57
533871804,87,44,43,31
533871811,401,193,208,116
533871812,126,62,64,43
533871813,236,117,119,65
533871814,274,132,142,98
533871821,471,238,233,177
533871822,577,294,283,197
533871823,1023,470,553,341
533871824,713,352,361,272
533871831,992,492,500,356
533871832,577,284,293,189
533871833,534,249,285,165
533871834,402,216,186,144
533871841,82,42,40,26
533871842,399,196,203,111
533871843,591,264,327,188
533871844,462,232,230,140
533871851,194,93,101,55
533871852,354,168,186,91
533871853,388,208,180,118
533871854,547,295,252,201
533871861,222,106,116,68
533871862,225,110,115,66
533871863,149,74,75,44
533871864,390,180,210,112
533871874,258,121,137,74
533871883,315,152,163,91
533871893,1,1,0,1
533871901,46,24,22,13
533871902,264,126,138,74
533871903,760,384,376,250
533871904,310,136,174,78
533871911,90,47,43,29
533871912,512,246,266,180
533871913,339,187,152,151
533871914,661,342,319,283
533871921,1166,561,605,403
533871922,835,422,413,281
533871923,485,238,247,183
533871924,519,257,262,179
533871931,153,74,79,51
533871932,333,194,139,87
533871933,926,444,482,330
533871934,627,294,333,209
533871941,134,64,70,42
533871942,405,204,201,121
533871943,595,304,291,196
533871944,404,216,188,160
533871951,355,178,177,103
533871952,809,406,403,238
533871953,334,167,167,98
533871954,65,32,33,18
533871961,326,157,169,103
533871962,142,65,77,40
533871963,78,31,47,23
533871964,130,68,62,28
533871974,118,52,66,29
533871981,112,52,60,30
533871982,273,132,141,76
533871983,352,165,187,105
533871984,13,7,6,4
533871991,38,18,20,12
533871993,89,47,42,27
533872001,150,71,79,41
533872011,79,35,44,22
533872111,53,26,27,15
533872113,74,39,35,23
533872202,80,43,37,23
533872204,112,58,54,29
533872211,60,29,31,19
533872212,221,103,118,53
533872213,201,96,105,50
533872214,362,174,188,85
533872312,65,28,37,17
533872324,64,35,29,33
533872602,191,97,94,87
533872611,137,67,70,44
533872612,135,68,67,43
533872711,109,78,31,20
533872723,44,28,16,24
533872734,6,3,3,4
533872744,9,5,4,4
533872832,10,4,6,4
533872924,51,32,19,32
533873042,192,82,110,75
533873044,81,42,39,47
533873051,167,75,92,66
533873212,43,15,28,28
533873242,105,52,53,47
533873253,54,32,22,20
533873373,82,43,39,30
533873374,87,45,42,30
533873393,26,12,14,18
533873472,227,109,118,57
533873474,133,69,64,43
533873483,198,99,99,54
533873573,123,63,60,42
533873593,56,28,28,16
533873681,58,29,29,16
533873683,54,26,28,15
533873684,55,27,28,15
533873781,65,32,33,16
533873784,132,64,68,30
533873893,151,79,72,46
533874372,1,1,0,1
533874544,6,4,2,4
533874624,355,179,176,99
533874631,382,185,197,105
533874632,128,60,68,53
533874634,210,109,101,52
533874641,344,161,183,86
533874642,188,99,89,45
533874643,205,110,95,41
533874654,344,183,161,79
533874663,211,108,103,48
533874694,256,135,121,57
533874714,182,101,81,33
533874721,427,226,201,118
533874901,147,76,71,45
533874912,198,96,102,48
533875214,130,70,60,31
533875313,108,54,54,25
533875514,173,79,94,41
533875521,256,130,126,63
533875531,167,89,78,54
533875532,425,224,201,94
533875601,219,113,106,44
533875602,83,43,40,27
533875603,128,69,59,27
533876274,65,41,24,36
533876382,37,17,20,17
533876383,36,17,19,16
533876391,38,17,21,16
533876584,8,4,4,4
533876862,19,12,7,10
533876914,2,1,1,2
533876931,2,1,1,2
533876932,2,1,1,2
533876943,2,1,1,1
533877043,150,71,79,52
533877081,22,10,12,9
533877171,24,10,14,9
533877263,166,79,87,55
533877264,36,21,15,12
533877302,41,28,13,15
533877311,66,43,23,14
533877312,34,16,18,15
533877321,59,27,32,27
533877322,28,15,13,12
533877324,65,34,31,25
533877344,73,32,41,26
533877351,59,29,30,20
533877353,49,23,26,19
533877403,30,25,5,27
533877424,46,23,23,12
533877434,159,77,82,53
533877442,63,32,31,29
533877451,127,59,68,42
533877462,54,27,27,18
533877464,46,23,23,17
533877471,32,15,17,13
533877473,71,35,36,23
533877484,124,53,71,36
533877493,112,58,54,32
533877521,46,23,23,12
533877572,81,39,42,31
533877581,167,80,87,50
533877582,350,177,173,94
533877583,158,74,84,43
533877584,248,123,125,71
533877591,187,102,85,57
533877592,283,139,144,78
533877593,81,41,40,23
533877733,49,24,25,19
533877772,109,43,66,14
533877781,23,13,10,10
533877821,42,19,23,18
533877842,15,7,8,7
533877852,101,49,52,26
533877863,72,32,40,19
533877872,60,32,28,18
533877873,32,17,15,9
533877874,32,16,16,9
533877903,7,4,3,3
533877911,9,6,3,3
533877964,42,21,21,11
533877972,67,34,33,17
533877973,164,81,83,42
533877974,85,43,42,24
533877983,77,38,39,23
533877993,103,43,60,31
