KEY_CODE,T000386001,T000386002,T000386003,T000386004
,êlå˚ëçêî,íj,èó,ê¢ë—ëçêî
523900903,10,4,6,2
523902482,5,1,4,3
523902493,10,5,5,5
523902593,4,2,2,2
523902683,11,7,4,9
523902781,100,45,55,44
523902782,4,1,3,1
523902783,243,119,124,121
523902784,68,31,37,34
523902882,32,16,16,14
523902884,66,30,36,28
523902982,108,56,52,59
523902983,328,171,157,166
523902984,407,191,216,178
523902991,57,25,32,28
523902993,150,71,79,66
523903124,33,18,15,21
523903133,270,129,141,120
523903144,424,238,186,145
523903222,252,126,126,105
523903223,133,66,67,55
523903231,188,88,100,100
523903232,107,56,51,44
523903242,254,125,129,109
523903244,160,84,76,66
523903251,224,109,115,115
523903252,27,13,14,12
523903253,313,144,169,141
523903302,62,34,28,34
523903303,2,0,2,1
523903311,119,56,63,53
523903332,338,192,146,95
523903351,94,46,48,48
523903804,1,1,0,1
523910001,290,135,155,114
523910002,274,128,146,87
523910004,148,80,68,47
523910013,216,112,104,75
523910112,66,33,33,23
523910114,258,127,131,91
523910124,32,18,14,18
523910133,68,36,32,38
523910202,212,105,107,60
523910204,76,37,39,24
523910221,103,53,50,35
523910222,1040,500,540,444
523910224,599,283,316,207
523910231,1774,811,963,697
523910232,962,464,498,350
523910233,1613,739,874,583
523910234,380,176,204,121
523910301,81,39,42,24
523910312,127,64,63,42
523910321,426,195,231,110
523910331,184,92,92,73
523910332,105,54,51,34
523910334,157,74,83,64
523910441,163,80,83,55
523910444,34,18,16,14
523910511,10,6,4,6
523910514,6,1,5,2
523910541,35,18,17,14
523910544,43,22,21,15
523910624,94,42,52,26
523910634,392,185,207,128
523910642,466,216,250,179
523910643,390,177,213,131
523910644,675,327,348,283
523910653,366,185,181,150
523910731,133,46,87,26
523910732,68,31,37,27
523910734,65,30,35,26
523910741,238,115,123,88
523910742,67,30,37,26
523910744,880,424,456,342
523910753,723,349,374,244
523910754,196,96,100,103
523910834,44,22,22,20
523910842,436,207,229,179
523910843,109,48,61,56
523910844,492,239,253,189
523910851,325,144,181,133
523910852,206,105,101,112
523910853,71,33,38,28
523910902,21,11,10,10
523910934,45,21,24,19
523910943,47,22,25,19
523910944,67,31,36,27
523910954,184,93,91,74
523910961,137,66,71,65
523912072,7,4,3,3
523912081,413,212,201,197
523912082,351,175,176,178
523912083,47,24,23,20
523912084,161,85,76,73
523912093,74,37,37,28
523912181,254,126,128,124
523912182,332,172,160,153
523912183,35,15,20,17
523912184,80,40,40,8
523912193,30,17,13,13
523912281,74,39,35,30
523912282,88,46,42,35
523912284,142,67,75,68
523912291,9,5,4,4
523912293,103,24,79,3
523912294,12,5,7,7
523912381,87,44,43,35
523912382,162,72,90,74
523912383,57,29,28,29
523912384,7,5,2,2
523912394,357,178,179,168
523912482,97,49,48,43
523912494,146,71,75,59
523912582,120,55,65,55
523912592,19,9,10,7
523912594,10,5,5,3
523913021,48,21,27,20
523913203,99,47,52,50
523913212,65,33,32,28
523913224,16,8,8,10
523913242,11,4,7,4
523913301,78,36,42,38
523913303,174,85,89,74
523913304,63,26,37,35
523913321,66,38,28,25
523913324,12,6,6,5
523913332,63,30,33,31
523913333,147,70,77,76
523913334,40,21,19,17
523913341,5,2,3,2
523913402,10,6,4,6
523913411,202,106,96,104
523913412,7,4,3,4
523913413,136,64,72,69
523913414,12,5,7,6
523913422,40,21,19,22
523913431,62,29,33,30
523920002,42,21,21,18
523920051,81,38,43,27
523920054,171,77,94,66
523920141,4,2,2,2
523920151,75,35,40,26
523920152,452,198,254,161
523920154,84,44,40,36
523920161,85,44,41,36
523920244,15,8,7,6
523920351,50,22,28,29
523920352,103,44,59,58
523920362,112,60,52,40
523920371,241,110,131,92
523920374,94,48,46,57
523920451,3,1,2,2
523920462,97,45,52,49
523920464,43,18,25,21
523920471,47,23,24,22
523920472,46,20,26,22
523920474,237,114,123,93
523920481,303,149,154,96
523920483,614,282,332,249
523920484,162,77,85,67
523920493,329,84,245,60
523920532,5,3,2,5
523920533,20,9,11,10
523920572,184,81,103,65
523920581,915,438,477,378
523920582,440,208,232,169
523920583,271,131,140,114
523920584,14,6,8,4
523920593,371,175,196,156
523920594,229,109,120,98
523920624,8,4,4,6
523920674,52,23,29,26
523920681,117,57,60,52
523920682,169,75,94,76
523920683,222,99,123,104
523920684,202,95,107,90
523920691,99,48,51,38
523920692,50,22,28,22
523920693,183,89,94,81
523920694,130,55,75,62
523920721,29,19,10,27
523920722,9,4,5,6
523920762,416,202,214,131
523920764,152,79,73,46
523920771,144,83,61,65
523920772,289,130,159,116
523920781,134,61,73,59
523920782,110,55,55,47
523920783,344,170,174,157
523920784,10,5,5,6
523920791,236,113,123,92
523920793,116,48,68,50
523920794,2,1,1,2
523920814,3,2,1,1
523920831,7,3,4,5
523920833,8,3,5,5
523920881,156,67,89,73
523920882,103,47,56,49
523920883,50,23,27,19
523920884,141,67,74,70
523920891,307,151,156,149
523920892,17,8,9,11
523920893,274,117,157,122
523920894,100,51,49,41
523920964,24,12,12,11
523920974,65,32,33,25
523920981,50,24,26,26
523920982,169,79,90,83
523920983,64,28,36,32
523920984,192,79,113,101
523920992,93,46,47,41
523921503,74,30,44,41
523921603,355,148,207,167
523921701,13,7,6,4
523921702,209,94,115,83
523921703,100,43,57,35
523921704,67,25,42,21
523921801,196,87,109,74
523921803,142,68,74,48
523921804,864,394,470,287
523921813,27,12,15,7
523921901,16,7,9,6
523921902,328,147,181,124
523921903,196,92,104,78
523921904,50,12,38,1
523926873,240,110,130,93
523926874,114,54,60,42
523926894,423,192,231,156
523926954,94,44,50,37
523926963,49,23,26,21
523926971,80,40,40,30
523926972,132,58,74,46
523926981,134,60,74,50
523926982,98,47,51,39
523926991,115,54,61,40
523926992,188,85,103,73
523926994,232,107,125,82
523927802,60,29,31,30
523927803,106,50,56,36
523927804,443,206,237,154
523927811,102,52,50,38
523927813,362,153,209,158
523927814,550,257,293,205
523927823,282,134,148,114
523927824,181,74,107,72
523927901,145,61,84,48
523927902,48,20,28,17
523927903,38,19,19,13
523927911,61,26,35,26
523927912,257,120,137,98
523927921,395,184,211,134
523927922,263,115,148,87
523927931,351,152,199,129
523927932,253,114,139,89
523927933,34,14,20,10
523927934,101,48,53,38
523927941,86,44,42,29
523927943,46,21,25,17
523930003,240,120,120,61
523930014,299,196,103,44
523930023,16,8,8,5
523930071,120,60,60,38
523930072,272,139,133,106
523930073,142,68,74,46
523930074,317,155,162,122
523930081,115,57,58,40
523930083,169,77,92,78
523930084,98,41,57,32
523930092,104,50,54,37
523930093,106,47,59,47
523930103,306,149,157,82
523930113,195,70,125,95
523930172,441,213,228,141
523930173,511,251,260,178
523930174,985,483,502,311
523930181,135,65,70,57
523930182,43,22,21,19
523930183,50,13,37,1
523930184,45,21,24,19
523930192,27,13,14,11
523930193,52,26,26,22
523930194,485,236,249,170
523930251,29,14,15,8
523930252,78,20,58,5
523930261,133,76,57,53
523930262,182,91,91,74
523930264,697,318,379,248
523930271,766,353,413,270
523930272,22,9,13,6
523930273,601,285,316,207
523930274,862,419,443,304
523930283,33,15,18,12
523930291,427,221,206,156
523930292,496,243,253,209
523930293,478,235,243,180
523930294,347,168,179,138
523930304,106,54,52,49
523930313,117,57,60,30
523930321,161,80,81,44
523930323,214,104,110,63
523930324,59,31,28,19
523930361,55,22,33,25
523930362,407,175,232,162
523930363,237,103,134,88
523930364,109,49,60,37
523930371,581,279,302,180
523930372,520,242,278,192
523930373,119,61,58,45
523930381,65,34,31,23
523930382,236,122,114,68
523930383,83,43,40,28
523930384,315,162,153,111
523930391,324,160,164,129
523930392,70,34,36,27
523930393,432,212,220,147
523930394,1620,751,869,608
523930402,110,51,59,34
523930422,198,90,108,51
523930453,37,19,18,15
523930454,37,18,19,23
523930462,239,117,122,108
523930463,133,71,62,52
523930464,913,412,501,404
523930471,651,320,331,241
523930472,293,144,149,101
523930473,1213,580,633,595
523930474,363,168,195,141
523930481,332,161,171,112
523930482,1213,604,609,476
523930483,512,243,269,187
523930484,629,301,328,254
523930491,1145,544,601,423
523930492,924,444,480,383
523930493,641,310,331,240
523930494,375,171,204,122
523930503,222,99,123,57
523930552,37,18,19,22
523930561,110,49,61,45
523930562,477,258,219,189
523930563,41,21,20,26
523930571,888,424,464,417
523930572,259,114,145,119
523930573,1209,532,677,563
523930574,1655,761,894,745
523930581,563,269,294,215
523930583,1611,736,875,677
523930584,239,111,128,79
523930591,868,404,464,314
523930592,14,7,7,3
523930632,2,1,1,1
523930661,14,8,6,8
523930662,159,78,81,71
523930664,184,94,90,84
523930671,1634,696,938,776
523930672,1714,769,945,831
523930673,1512,623,889,702
523930674,1887,805,1082,824
523930681,1833,822,1011,763
523930682,914,438,476,326
523930683,71,31,40,33
523930684,230,105,125,84
523930691,25,8,17,10
523930693,114,48,66,41
523930694,41,18,23,19
523930724,25,13,12,14
523930744,67,39,28,15
523930762,7,3,4,2
523930764,363,178,185,150
523930771,1098,494,604,496
523930772,316,138,178,127
523930773,160,72,88,68
523930864,44,23,21,18
523930871,91,45,46,35
523930873,83,38,45,55
523930914,2,1,1,1
523930942,120,53,67,66
523930944,77,40,37,35
523930953,179,85,94,71
523930962,59,30,29,25
523930964,180,83,97,62
523931003,143,69,74,56
523931004,130,60,70,38
523931013,220,104,116,73
523931102,25,12,13,9
523931103,76,36,40,31
523931111,10,4,6,6
523931301,253,126,127,106
523931303,1208,568,640,449
523931304,392,184,208,117
523931311,266,123,143,98
523931401,649,292,357,233
523931402,537,253,284,177
523936052,77,34,43,30
523936054,24,13,11,11
523936061,404,171,233,160
523936063,516,240,276,189
523936064,110,46,64,35
523936073,71,34,37,26
523936083,79,39,40,25
523936084,50,24,26,15
523936161,181,82,99,83
523936162,242,108,134,83
523936164,101,54,47,32
523936171,183,96,87,57
523936172,72,33,39,22
523936173,189,89,100,60
523936174,110,62,48,4
523936182,151,68,83,46
523936191,70,33,37,19
523936193,163,82,81,51
523936194,55,21,34,19
523936262,92,42,50,32
523936271,224,110,114,83
523936273,69,32,37,27
523936282,104,53,51,28
523936294,186,87,99,56
523936352,44,16,28,19
523936362,130,57,73,35
523936363,122,56,66,46
523936364,165,82,83,50
523936371,181,84,97,73
523936381,189,88,101,60
523936392,27,14,13,12
523936394,44,22,22,16
523936414,266,117,149,95
523936424,52,22,30,20
523936433,70,30,40,25
523936434,120,55,65,32
523936452,175,83,92,49
523936453,52,26,26,19
523936461,114,63,51,19
523936463,91,44,47,25
523936471,133,64,69,47
523936473,100,48,52,35
523936474,79,37,42,20
523936502,152,64,88,52
523936504,100,47,53,38
523936522,54,27,27,19
523936532,40,17,23,16
523936584,23,12,11,8
523936591,102,50,52,33
523936594,131,60,71,40
523936602,120,57,63,36
523936603,106,53,53,34
523936604,100,50,50,37
523936614,64,29,35,21
523936623,102,46,56,42
523936624,205,92,113,76
523936631,79,38,41,33
523936633,83,37,46,27
523936634,191,88,103,82
523936641,310,117,193,92
523936642,32,15,17,13
523936643,36,18,18,17
523936654,87,38,49,33
523936684,182,86,96,73
523936691,19,10,9,7
523936692,78,38,40,32
523936693,93,45,48,31
523936694,211,95,116,73
523936702,65,31,34,22
523936712,122,58,64,52
523936722,25,10,15,10
523936741,71,31,40,26
523936742,107,44,63,43
523936751,161,79,82,60
523936752,85,36,49,39
523936754,14,6,8,6
523936761,363,136,227,129
523936762,247,132,115,108
523936763,628,365,263,226
523936764,682,316,366,290
523936771,235,107,128,83
523936772,125,61,64,46
523936773,477,228,249,221
523936774,995,481,514,400
523936781,152,72,80,56
523936782,563,278,285,204
523936783,664,324,340,252
523936784,824,423,401,342
523936791,529,259,270,205
523936792,227,109,118,81
523936793,758,385,373,298
523936794,499,236,263,194
523936861,343,185,158,134
523936862,74,32,42,23
523936871,591,456,135,92
523936872,399,191,208,172
523936881,1052,511,541,341
523936882,1424,648,776,581
523936883,193,95,98,76
523936884,963,428,535,401
523936891,1232,577,655,493
523936892,825,410,415,360
523936893,1038,477,561,477
523936894,492,226,266,216
523936982,542,239,303,257
523936984,294,138,156,139
523936991,991,464,527,420
523936992,363,148,215,127
523936993,827,385,442,365
523936994,483,224,259,195
523937002,28,14,14,9
523937013,31,14,17,9
523937044,50,23,27,16
523937053,599,276,323,191
523937151,112,51,61,36
523937152,366,171,195,130
523937154,548,253,295,179
523937163,16,7,9,5
523937222,112,56,56,38
523937224,44,23,21,14
523937252,147,76,71,44
523937261,305,142,163,107
523937262,148,71,77,49
523937263,109,53,56,34
523937301,29,15,14,12
523937302,33,17,16,11
523937362,418,192,226,128
523937363,24,12,12,8
523937364,384,176,208,103
523937371,42,16,26,13
523937373,258,119,139,85
523937443,27,12,15,8
523937453,29,13,16,8
523937454,102,47,55,32
523937462,658,305,353,222
523937464,601,281,320,241
523937471,262,124,138,85
523937473,75,32,43,20
523937501,48,23,25,16
523937502,43,21,22,13
523937503,91,42,49,28
523937511,44,24,20,12
523937552,126,64,62,37
523937561,200,91,109,69
523937562,1253,568,685,429
523937563,400,194,206,139
523937564,478,224,254,176
523937571,29,11,18,8
523937603,226,100,126,77
523937604,93,47,46,26
523937611,88,43,45,25
523937613,78,38,40,24
523937622,53,31,22,19
523937633,83,43,40,26
523937644,46,21,25,16
523937661,285,137,148,94
523937662,248,123,125,100
523937663,239,118,121,78
523937664,118,50,68,51
523937701,80,33,47,29
523937702,61,29,32,27
523937712,243,119,124,74
523937713,80,36,44,27
523937724,70,35,35,20
523937741,168,85,83,57
523937744,93,46,47,25
523937751,47,20,27,15
523937752,7,4,3,3
523937753,48,21,27,15
523937754,59,24,35,21
523937761,612,287,325,246
523937762,238,117,121,91
523937763,484,216,268,153
523937764,217,110,107,83
523937771,207,104,103,76
523937773,89,40,49,35
523937801,379,176,203,144
523937802,122,56,66,36
523937803,392,187,205,144
523937804,156,91,65,83
523937813,163,81,82,58
523937814,278,130,148,80
523937821,36,35,1,35
523937833,77,38,39,26
523937841,48,23,25,17
523937852,210,99,111,68
523937853,80,35,45,24
523937854,58,28,30,21
523937861,198,93,105,61
523937862,116,61,55,38
523937864,90,43,47,38
523937871,397,196,201,121
523937872,140,68,72,49
523937873,353,159,194,103
523937874,107,46,61,27
523937901,197,93,104,74
523937902,252,144,108,113
523937903,845,396,449,315
523937904,5,3,2,3
523937911,64,36,28,21
523937913,339,156,183,115
523937922,72,36,36,26
523937923,70,36,34,24
523937924,208,99,109,83
523937931,93,46,47,26
523937933,205,94,111,71
523937934,146,75,71,47
523937953,66,35,31,17
523937961,104,53,51,29
523937963,45,23,22,13
523937971,156,74,82,43
523937973,138,67,71,43
523937974,65,33,32,20
523940001,87,50,37,43
523940002,79,79,0,1
523940041,35,18,17,17
523940042,31,15,16,16
523940051,267,111,156,89
523940052,746,364,382,262
523940054,289,141,148,111
523940061,1299,646,653,497
523940062,341,156,185,130
523940063,1757,830,927,738
523940064,947,420,527,355
523940073,150,76,74,51
523940104,198,92,106,56
523940112,37,17,20,12
523940123,40,17,23,12
523940142,35,17,18,16
523940152,38,18,20,13
523940154,299,143,156,109
523940161,1287,616,671,476
523940162,717,338,379,238
523940163,753,346,407,289
523940164,167,80,87,63
523940171,515,227,288,171
523940172,34,14,20,18
523940173,46,17,29,16
523940174,6,2,4,1
523940204,256,131,125,66
523940233,42,18,24,12
523940242,55,27,28,21
523940261,177,81,96,62
523940302,156,75,81,42
523940311,198,100,98,53
523940323,1,1,0,1
523940444,45,20,25,22
523940453,236,104,132,74
523940461,181,90,91,68
523940463,566,272,294,203
523940464,111,44,67,46
523940472,61,27,34,39
523940473,20,9,11,9
523940474,51,14,37,41
523940542,28,13,15,12
523940544,150,76,74,56
523940551,794,384,410,318
523940552,723,342,381,279
523940553,620,298,322,226
523940554,1035,499,536,341
523940561,500,236,264,215
523940562,1016,471,545,382
523940563,103,44,59,43
523940564,17,6,11,6
523940571,107,48,59,44
523940572,116,54,62,53
523940573,1466,685,781,551
523940574,119,54,65,45
523940611,22,17,5,22
523940621,22,17,5,22
523940651,331,159,172,113
523940652,344,173,171,114
523940653,268,134,134,98
523940654,42,18,24,13
523940734,1,0,1,1
523940751,177,85,92,64
523940752,1227,580,647,464
523940753,514,262,252,202
523940754,707,339,368,276
523940763,41,13,28,33
523940804,12,6,6,6
523940843,115,55,60,52
523940844,113,54,59,51
523940851,320,161,159,106
523940853,95,29,66,2
523940861,17,17,0,17
523940903,65,29,36,36
523940904,100,51,49,48
523940911,52,25,27,22
523940913,112,53,59,59
523940934,32,13,19,15
523940942,46,22,24,20
523940953,73,35,38,27
523940954,51,31,20,40
523941434,303,172,131,194
523946082,647,320,327,287
523946084,74,39,35,37
523946091,942,426,516,386
523946092,292,137,155,126
523946093,631,298,333,230
523946094,269,123,146,99
523946182,58,29,29,22
523946184,425,194,231,174
523946191,697,290,407,203
523946192,525,256,269,192
523946193,148,74,74,47
523946194,81,37,44,27
523946273,24,12,12,9
523946274,34,18,16,13
523946281,8,3,5,3
523946282,610,283,327,249
523946283,432,216,216,160
523946284,906,425,481,363
523946291,120,54,66,45
523946292,241,110,131,73
523946293,651,316,335,233
523946294,281,142,139,85
523946364,68,30,38,31
523946371,873,394,479,331
523946372,972,433,539,333
523946373,493,246,247,172
523946374,334,168,166,119
523946381,925,449,476,341
523946382,22,9,13,4
523946383,240,115,125,87
523946384,16,9,7,5
523946391,97,44,53,30
523946392,251,120,131,84
523946394,171,81,90,59
523946461,576,276,300,184
523946462,204,112,92,41
523946463,380,173,207,128
523946464,313,140,173,118
523946471,77,39,38,28
523946472,75,38,37,27
523946474,77,38,39,27
523946481,81,38,43,27
523946483,82,37,45,27
523946484,81,37,44,26
523946493,26,11,15,8
523946494,28,11,17,8
523946561,19,8,11,6
523946562,989,478,511,341
523946564,183,81,102,56
523946571,327,164,163,97
523946572,142,71,71,50
523946582,34,17,17,12
523946583,36,18,18,12
523946584,37,19,18,11
523946661,66,33,33,20
523946662,485,236,249,147
523946663,155,74,81,58
523946681,137,48,89,27
523946682,65,33,32,20
523946684,33,16,17,10
523946694,37,18,19,11
523946754,55,24,31,17
523946761,366,169,197,121
523946763,189,79,110,58
523946781,49,24,25,14
523946783,52,25,27,14
523946784,39,21,18,13
523946791,34,16,18,10
523946793,31,15,16,9
523946794,32,15,17,9
523946852,109,51,58,32
523946891,42,21,21,13
523946962,87,47,40,32
523946971,122,59,63,48
523946973,88,43,45,33
523947001,94,47,47,34
523947002,71,32,39,29
523947003,523,252,271,183
523947004,17,8,9,7
523947011,144,69,75,54
523947012,174,86,88,63
523947013,140,74,66,56
523947014,243,117,126,87
523947021,95,50,45,32
523947023,185,90,95,57
523947031,336,151,185,109
523947032,156,68,88,55
523947033,131,62,69,51
523947042,82,41,41,28
523947043,153,82,71,43
523947044,104,46,58,31
523947062,89,43,46,28
523947071,63,29,34,25
523947072,224,103,121,64
523947074,354,175,179,114
523947102,316,158,158,115
523947112,168,88,80,54
523947113,630,304,326,192
523947114,173,87,86,55
523947124,105,58,47,35
523947131,90,40,50,24
523947132,60,30,30,20
523947134,30,14,16,9
523947152,158,80,78,49
523947153,73,38,35,18
523947161,96,48,48,28
523947163,57,28,29,18
523947164,142,67,75,47
523947173,259,115,144,87
523947201,197,84,113,62
523947202,193,102,91,62
523947203,74,37,37,34
523947204,180,84,96,59
523947211,24,12,12,9
523947213,123,57,66,42
523947214,254,145,109,5
523947222,48,24,24,17
523947223,108,56,52,31
523947231,49,24,25,17
523947233,190,97,93,51
523947234,95,45,50,32
523947241,32,15,17,9
523947252,170,81,89,54
523947254,66,27,39,19
523947261,86,40,46,21
523947262,107,53,54,35
523947264,226,103,123,79
523947271,74,34,40,23
523947272,49,25,24,18
523947281,251,120,131,94
523947283,130,59,71,37
523947284,371,171,200,128
523947293,117,56,61,42
523947311,57,29,28,18
523947312,317,136,181,62
523947313,51,17,34,1
523947321,94,40,54,24
523947331,35,17,18,12
523947332,68,31,37,22
523947334,35,16,19,11
523947341,89,47,42,27
523947351,107,49,58,31
523947352,150,68,82,46
523947353,49,24,25,14
523947354,146,75,71,37
523947361,142,65,77,46
523947363,64,30,34,21
523947371,163,83,80,48
523947374,166,86,80,42
523947383,93,48,45,26
523947384,97,50,47,30
523947391,233,103,130,62
523947392,113,51,62,39
523947394,115,55,60,39
523947402,58,28,30,18
523947403,26,13,13,9
523947404,59,29,30,18
523947411,63,31,32,18
523947412,51,24,27,17
523947413,142,66,76,41
523947422,34,17,17,12
523947423,195,92,103,56
523947424,32,16,16,11
523947432,118,55,63,34
523947433,35,17,18,11
523947434,24,9,15,8
523947444,50,24,26,15
523947462,75,40,35,21
523947463,93,48,45,25
523947474,136,61,75,42
523947493,95,44,51,26
523947494,111,59,52,34
523947512,210,99,111,59
523947532,25,10,15,8
523947541,118,52,66,41
523947542,49,25,24,14
523947551,18,8,10,4
523947561,161,89,72,43
523947562,174,81,93,53
523947564,149,71,78,46
523947571,27,13,14,8
523947573,31,15,16,8
523947591,291,142,149,84
523947592,52,24,28,15
523947612,174,83,91,51
523947614,156,71,85,47
523947644,17,8,9,4
523947651,26,13,13,9
523947652,63,29,34,15
523947654,53,26,27,18
523947661,179,87,92,52
523947664,65,23,42,1
523947674,62,30,32,16
523947682,75,38,37,23
523947684,81,37,44,24
523947691,158,78,80,45
523947712,133,67,66,36
523947721,43,23,20,13
523947723,52,26,26,19
523947724,60,31,29,20
523947734,20,11,9,9
523947754,29,13,16,9
523947761,19,9,10,7
523947762,60,27,33,18
523947764,48,23,25,14
523947771,14,6,8,6
523947773,75,44,31,26
523947784,32,15,17,8
523947792,85,43,42,31
523947812,68,36,32,16
523947823,23,11,12,5
523947831,22,12,10,9
523947833,56,29,27,19
523947841,28,14,14,10
523947842,28,13,15,9
523947852,32,14,18,9
523947862,30,15,15,10
523947863,47,22,25,16
523947893,14,9,5,3
523947894,27,15,12,7
523947912,53,27,26,19
523947923,54,27,27,19
523947961,25,12,13,7
523947963,25,11,14,7
523947972,35,16,19,10
523947974,36,17,19,10
523947992,84,40,44,25
523947994,14,7,7,5
523950001,224,99,125,111
523950004,143,69,74,65
523950011,165,77,88,80
523950013,215,101,114,77
523950032,877,397,480,343
523950034,425,202,223,175
523950041,377,177,200,155
523950042,884,413,471,431
523950043,155,73,82,61
523950044,20,10,10,8
523950051,1135,520,615,492
523950052,298,140,158,145
523950053,1439,622,817,715
523950054,1958,871,1087,1071
523950062,63,37,26,62
523950063,54,21,33,39
523950104,179,92,87,46
523950111,88,25,63,2
523950113,171,86,85,37
523950114,177,90,87,38
523950134,44,19,25,16
523950142,11,7,4,9
523950143,5,3,2,2
523950144,406,170,236,217
523950151,869,366,503,456
523950152,3242,1382,1860,1678
523950153,1097,501,596,549
523950154,1870,799,1071,904
523950161,47,21,26,15
523950163,237,95,142,141
523950201,164,75,89,41
523950211,250,122,128,53
523950232,76,26,50,60
523950233,104,41,63,41
523950234,419,192,227,133
523950241,338,140,198,183
523950242,415,144,271,259
523950243,234,91,143,84
523950244,209,99,110,96
523950251,411,175,236,194
523950252,494,207,287,298
523950253,889,372,517,430
523950254,155,71,84,84
523950261,924,429,495,496
523950262,101,38,63,88
523950263,690,288,402,416
523950264,522,224,298,307
523950331,557,240,317,292
523950332,22,9,13,12
523950334,49,13,36,1
523950342,64,31,33,24
523950351,948,420,528,407
523950361,88,49,39,61
523950362,755,324,431,410
523950363,504,243,261,192
523950364,988,435,553,417
523950373,279,100,179,190
523950403,141,68,73,37
523950411,194,98,96,43
523950451,107,53,54,42
523950454,20,10,10,8
523950461,39,17,22,19
523950462,105,46,59,10
523950463,982,416,566,399
523950464,250,86,164,165
523950471,82,49,33,41
523950472,92,41,51,41
523950473,9,6,3,3
523950474,31,14,17,13
523950511,188,83,105,45
523950554,121,58,63,51
523950561,35,15,20,12
523950562,24,12,12,17
523950573,13,7,6,9
523950581,36,21,15,13
523950584,87,35,52,47
523950604,12,5,7,5
523950642,54,19,35,9
523950644,49,26,23,17
523950653,49,22,27,16
523950654,83,37,46,33
523950661,296,131,165,125
523950663,194,82,112,71
523950664,608,284,324,250
523950673,354,154,200,156
523950674,750,298,452,272
523950683,311,144,167,132
523950684,8,4,4,2
523950751,123,55,68,53
523950752,317,151,166,165
523950753,244,111,133,99
523950754,496,220,276,210
523950761,1015,423,592,464
523950762,838,356,482,365
523950763,244,118,126,106
523950771,526,224,302,210
523950772,1772,823,949,724
523950773,272,128,144,91
523950774,80,40,40,26
523950781,2291,1052,1239,1018
523950782,2269,1061,1208,932
523950783,966,465,501,400
523950784,1911,893,1018,747
523950791,88,41,47,34
523950793,1215,550,665,467
523950794,128,56,72,50
523950852,193,91,102,97
523950861,96,36,60,43
523950872,204,102,102,71
523950881,61,29,32,23
523950882,1596,730,866,439
523950884,1128,557,571,357
523950891,1063,481,582,420
523950892,820,381,439,282
523950893,447,151,296,108
523950894,756,374,382,271
523950903,39,16,23,11
523950942,185,83,102,129
523950944,54,26,28,21
523950974,26,12,14,9
523950981,843,400,443,301
523950982,934,431,503,270
523950983,135,71,64,42
523950984,6,2,4,1
523950991,587,282,305,210
523950992,487,246,241,169
523950993,103,35,68,2
523951703,40,20,20,16
523951713,270,124,146,110
523951801,1343,641,702,475
523951802,209,96,113,79
523951803,1002,469,533,343
523951804,1619,756,863,590
523951811,981,477,504,342
523951812,298,154,144,112
523951813,1516,720,796,531
523951814,46,21,25,15
523951901,1131,536,595,358
523951902,890,413,477,320
523951904,147,72,75,47
523951911,911,425,486,313
523951913,304,135,169,97
523954691,582,290,292,199
523954692,92,44,48,33
523954693,282,139,143,125
523954694,1340,631,709,492
523954782,4,3,1,2
523954791,1969,960,1009,746
523954792,1751,868,883,668
523954793,732,381,351,260
523954794,2293,1115,1178,840
523954882,153,72,81,41
523954884,30,15,15,9
523954891,566,249,317,167
523954892,1055,439,616,307
523954893,44,21,23,12
523954894,155,72,83,65
523954992,830,402,428,293
523954994,38,20,18,13
523955601,13,8,5,5
523955603,669,331,338,232
523955604,26,14,12,9
523955701,1687,838,849,614
523955702,711,370,341,214
523955703,2076,1036,1040,748
523955704,592,292,300,204
523955711,4,2,2,1
523955712,148,74,74,29
523955714,111,53,58,29
523955721,210,98,112,40
523955723,103,55,48,23
523955731,15,8,7,4
523955732,132,64,68,33
523955733,515,254,261,137
523955734,355,181,174,90
523955741,141,71,70,31
523955743,217,109,108,49
523955801,1299,633,666,474
523955802,197,90,107,64
523955803,630,303,327,221
523955804,1556,767,789,462
523955813,260,122,138,83
523955822,70,32,38,15
523955831,174,79,95,46
523955832,318,146,172,80
523955833,379,185,194,108
523955834,108,55,53,28
523955901,796,394,402,275
523955902,800,387,413,243
523955911,1010,481,529,327
523955913,8,4,4,2
523955914,32,18,14,12
523955921,72,35,37,23
523955922,290,142,148,89
523955923,162,80,82,44
523955924,479,249,230,136
523956071,105,47,58,31
523956072,504,237,267,165
523956073,88,45,43,25
523956074,575,279,296,199
523956083,257,126,131,82
523956084,210,103,107,72
523956094,202,98,104,62
523956171,336,148,188,74
523956172,404,180,224,137
523956173,18,14,4,5
523956174,96,50,46,35
523956181,359,170,189,115
523956182,57,31,26,23
523956191,183,89,94,63
523956261,321,154,167,120
523956262,5,3,2,1
523956263,50,25,25,17
523956264,242,122,120,92
523956271,64,25,39,25
523956273,62,36,26,4
523956274,150,73,77,54
523956282,118,55,63,48
523956291,107,49,58,29
523956294,196,93,103,63
523956361,946,459,487,345
523956362,431,196,235,137
523956363,706,337,369,253
523956364,376,174,202,136
523956371,539,274,265,187
523956372,176,86,90,55
523956373,51,22,29,17
523956374,130,58,72,42
523956382,39,18,21,11
523956461,352,165,187,100
523956462,513,238,275,165
523956464,110,55,55,37
523956473,112,57,55,30
523956482,174,83,91,61
523956492,111,57,54,41
523956493,118,64,54,33
523956564,4,2,2,1
523956571,96,47,49,29
523956573,213,101,112,71
523956593,43,24,19,14
523956662,65,30,35,20
523956664,322,155,167,122
523956671,499,237,262,170
523956673,683,304,379,243
523956674,231,105,126,82
523956681,37,20,17,13
523956762,269,127,142,104
523956764,241,114,127,78
523956771,402,191,211,128
523956772,163,63,100,40
523956781,164,79,85,51
523956791,59,28,31,18
523956792,48,24,24,15
523956952,119,59,60,39
523956954,745,362,383,249
523956963,5,3,2,4
523956964,7,4,3,4
523957012,49,24,25,16
523957014,26,11,15,8
523957021,138,69,69,44
523957023,120,61,59,39
523957074,80,44,36,25
523957081,35,19,16,12
523957094,32,19,13,15
523957111,27,12,15,8
523957112,43,24,19,12
523957114,78,42,36,22
523957122,88,46,42,27
523957123,44,22,22,13
523957131,90,44,46,26
523957133,172,89,83,60
523957134,55,24,31,17
523957153,56,28,28,17
523957163,79,34,45,20
523957172,39,20,19,16
523957174,25,12,13,8
523957182,23,13,10,10
523957183,35,18,17,12
523957184,49,26,23,19
523957192,10,4,6,4
523957202,42,22,20,11
523957212,66,31,35,19
523957214,107,51,56,32
523957223,62,28,34,18
523957242,136,64,72,35
523957243,36,19,17,12
523957251,47,23,24,16
523957252,82,34,48,20
523957281,24,11,13,8
523957282,38,20,18,12
523957292,26,14,12,9
523957293,28,15,13,9
523957294,16,8,8,6
523957342,37,19,18,12
523957343,33,16,17,11
523957353,44,23,21,15
523957384,74,67,7,2
523957401,261,118,143,80
523957402,127,59,68,44
523957411,155,73,82,46
523957423,132,64,68,51
523957452,94,49,45,29
523957464,24,13,11,9
523957472,28,13,15,10
523957474,26,13,13,9
523957484,75,41,34,22
523957562,23,12,11,8
523957564,52,27,25,16
523957571,58,26,32,18
523957574,85,42,43,29
523957592,45,23,22,15
523957621,140,70,70,48
523957642,94,43,51,22
523957652,37,16,21,10
523957661,105,50,55,33
523957663,43,23,20,15
523957674,93,42,51,31
523957681,61,31,30,19
523957682,96,50,46,33
523957684,142,67,75,47
523957691,170,62,108,4
523957692,202,107,95,69
523957693,149,75,74,50
523957694,137,65,72,45
523957701,124,62,62,43
523957702,110,49,61,33
523957703,41,20,21,14
523957723,62,30,32,22
523957731,33,16,17,12
523957741,17,8,9,5
523957742,81,42,39,28
523957761,59,26,33,20
523957762,74,30,44,23
523957764,49,25,24,20
523957771,147,71,76,51
523957772,63,32,31,21
523957781,87,40,47,28
523957811,52,23,29,16
523957831,52,30,22,23
523957842,19,9,10,5
523957852,26,13,13,9
523957864,61,31,30,21
523957902,4,3,1,3
523957911,11,7,4,5
523957954,30,15,15,10
523957964,60,37,23,1
523960004,33,14,19,10
523960011,20,14,6,18
523960082,22,9,13,10
523960103,18,8,10,9
523960214,271,127,144,118
523960223,327,163,164,132
523960323,13,8,5,11
523960412,57,29,28,40
523960414,9,4,5,4
523960421,93,45,48,39
523960422,135,69,66,72
523960423,136,69,67,65
523960424,113,62,51,68
523960502,1,1,0,1
523960504,90,50,40,90
523960513,20,10,10,20
523960522,147,71,76,83
523960531,22,11,11,9
523960542,81,37,44,28
523960553,80,44,36,23
523960631,33,14,19,9
523960633,69,29,40,38
523960652,33,19,14,10
523960664,83,37,46,56
523960673,24,12,12,23
523960732,117,56,61,56
523960734,22,10,12,12
523960743,82,36,46,19
523960771,187,82,105,169
523960772,393,175,218,241
523960773,48,19,29,29
523960774,184,78,106,113
523960781,157,66,91,76
523960783,741,328,413,365
523960784,931,425,506,494
523960793,79,38,41,33
523960803,99,43,56,53
523960832,30,21,9,20
523960833,37,19,18,18
523960834,78,34,44,36
523960841,2,1,1,2
523960843,145,65,80,49
523960852,142,70,72,60
523960854,238,106,132,102
523960861,178,81,97,69
523960863,6,2,4,2
523960872,41,26,15,30
523960881,30,13,17,8
523960882,142,54,88,66
523960891,593,289,304,236
523960892,55,29,26,23
523960893,112,54,58,42
523960894,641,296,345,253
523960901,32,15,17,23
523960902,25,8,17,14
523960903,54,32,22,29
523960904,9,4,5,7
523960912,10,4,6,7
523960923,50,22,28,23
523960924,82,32,50,40
523960932,397,199,198,188
523960933,267,131,136,165
523960934,203,85,118,124
523960941,228,120,108,113
523960942,365,166,199,178
523960943,149,51,98,47
523960944,1,0,1,1
523960951,108,45,63,62
523960991,260,69,191,16
523960992,416,184,232,161
523960994,25,12,13,12
523961002,426,210,216,145
523961003,125,59,66,33
523961004,177,92,85,55
523961011,337,176,161,128
523961201,73,36,37,20
523961204,279,145,134,71
523961302,131,60,71,37
523961304,87,38,49,25
523961401,17,9,8,11
523961402,366,172,194,109
523961411,126,60,66,36
523961413,176,96,80,80
523961513,373,169,204,105
523961611,97,48,49,26
523961613,65,32,33,16
523961711,239,113,126,67
523961801,9,3,6,6
523961803,7,2,5,5
523961811,257,129,128,81
523961812,468,222,246,151
523961813,94,47,47,36
523961814,1113,497,616,388
523961823,22,13,9,11
523961901,497,227,270,185
523961902,812,398,414,311
523961903,678,343,335,167
523961904,256,119,137,83
523961911,1404,690,714,587
523961912,1569,764,805,674
523961913,1230,566,664,440
523961914,1295,590,705,465
523961921,1425,685,740,546
523961922,288,140,148,110
523961923,1441,671,770,525
523961924,1893,829,1064,746
523961933,300,146,154,115
523964092,197,95,102,42
523964094,320,155,165,70
523964192,290,138,152,63
523964194,32,18,14,10
523964292,1174,571,603,349
523964293,80,44,36,21
523964294,136,63,73,45
523964381,35,19,16,12
523964382,115,33,82,6
523964383,294,152,142,85
523964384,540,257,283,160
523964391,101,54,47,29
523964392,305,155,150,96
523964393,136,66,70,32
523964394,118,58,60,37
523964481,321,155,166,102
523964482,757,370,387,265
523964483,7,5,2,7
523964484,820,406,414,299
523964491,389,189,200,132
523964492,336,169,167,105
523964493,1715,847,868,573
523964494,1570,778,792,539
523964582,203,105,98,85
523964591,448,216,232,149
523964683,136,66,70,42
523964684,623,306,317,205
523964693,658,323,335,214
523964694,30,22,8,17
523964781,164,62,102,35
523964782,143,67,76,41
523964783,359,178,181,127
523964784,320,163,157,117
523964791,40,21,19,11
523964792,1201,607,594,442
523964793,429,230,199,158
523964794,400,184,216,121
523964872,9,4,5,6
523964874,92,44,48,42
523964881,1262,625,637,442
523964882,1278,621,657,460
523964883,515,249,266,181
523964884,183,90,93,68
523964891,610,299,311,205
523964892,178,88,90,46
523964971,54,28,26,18
523964972,204,101,103,62
523964973,335,171,164,131
523964974,239,119,120,88
523964983,6,3,3,2
523964984,44,23,21,16
523965002,93,49,44,32
523965004,239,125,114,78
523965011,691,337,354,228
523965013,147,72,75,53
523965014,123,61,62,41
523965021,87,48,39,22
523965022,333,162,171,103
523965023,176,86,90,58
523965102,781,375,406,235
523965103,344,174,170,101
523965104,583,280,303,174
523965111,683,338,345,205
523965112,192,97,95,55
523965113,1086,563,523,331
523965114,542,272,270,176
523965121,674,338,336,202
523965123,907,452,455,349
523965201,808,409,399,265
523965202,119,55,64,34
523965203,199,98,101,66
523965204,153,51,102,16
523965211,180,88,92,44
523965212,1722,800,922,654
523965214,526,271,255,204
523965221,1437,731,706,555
523965222,23,13,10,8
523965223,2845,1423,1422,1036
523965224,930,456,474,317
523965301,918,457,461,307
523965303,722,374,348,236
523965304,119,62,57,34
523965311,75,39,36,22
523965312,138,81,57,40
523965313,145,73,72,35
523965314,77,40,37,21
523965321,574,272,302,181
523965322,1205,609,596,413
523965324,59,30,29,22
523965331,691,342,349,243
523965333,1798,918,880,705
523965334,1379,678,701,546
523965401,295,154,141,103
523965403,1031,507,524,329
523965404,29,13,16,11
523965411,241,116,125,67
523965412,307,129,178,4
523965414,119,57,62,36
523965422,99,53,46,37
523965423,124,55,69,31
523965424,89,40,49,26
523965431,981,504,477,359
523965432,3126,1596,1530,1077
523965433,428,223,205,130
523965434,2876,1412,1464,982
523965441,673,321,352,253
523965443,2238,1111,1127,802
523965444,825,411,414,307
523965453,3,2,1,1
523965501,996,914,82,50
523965502,172,48,124,24
523965504,977,483,494,345
523965511,80,42,38,34
523965512,308,158,150,90
523965513,671,326,345,226
523965514,124,62,62,43
523965521,166,81,85,44
523965522,178,90,88,51
523965523,8,4,4,1
523965524,6,3,3,1
523965531,118,61,57,36
523965532,74,42,32,28
523965534,28,17,11,14
523965541,1441,711,730,445
523965542,2668,1327,1341,1054
523965543,1003,502,501,335
523965544,2156,1078,1078,851
523965551,1650,814,836,586
523965552,451,224,227,170
523965553,2110,1025,1085,701
523965554,584,280,304,192
523965561,153,83,70,44
523965562,356,96,260,15
523965563,7,4,3,6
523965564,154,77,77,58
523965601,231,192,39,21
523965602,1189,600,589,449
523965603,771,390,381,249
523965604,1831,885,946,624
523965611,1884,960,924,706
523965612,887,448,439,294
523965613,2870,1456,1414,977
523965614,1898,898,1000,637
523965621,3,1,2,1
523965623,66,32,34,24
523965624,4,3,1,2
523965632,95,48,47,29
523965633,49,25,24,18
523965634,57,29,28,13
523965641,97,45,52,33
523965642,2097,1036,1061,734
523965643,150,135,15,147
523965644,1565,768,797,531
523965651,2141,1076,1065,718
523965652,50,25,25,17
523965653,2765,1345,1420,974
523965654,1197,588,609,442
523965662,432,224,208,169
523965664,1517,744,773,601
523965671,886,464,422,341
523965673,82,44,38,28
523965674,36,24,12,17
523965701,1226,605,621,404
523965702,1058,549,509,325
523965703,356,176,180,121
523965704,204,105,99,75
523965711,564,287,277,180
523965712,2477,1200,1277,823
523965714,277,124,153,71
523965721,1380,673,707,495
523965722,610,287,323,213
523965723,1507,738,769,482
523965724,391,208,183,111
523965732,468,236,232,142
523965733,2131,1063,1068,679
523965734,2963,1455,1508,995
523965741,2099,1058,1041,743
523965742,2171,1074,1097,766
523965743,2318,1139,1179,806
523965744,70,33,37,27
523965751,2368,1146,1222,817
523965752,3517,1742,1775,1370
523965753,615,325,290,218
523965754,3093,1549,1544,1144
523965761,1222,641,581,525
523965762,3314,1721,1593,1424
523965763,2203,1090,1113,896
523965764,2243,1469,774,494
523965771,1412,733,679,571
523965772,267,157,110,107
523965773,354,185,169,116
523965774,465,259,206,151
523965781,309,309,0,6
523965783,17,9,8,5
523965801,29,13,16,10
523965802,56,27,29,17
523965811,78,38,40,23
523965821,600,287,313,176
523965822,487,242,245,145
523965823,86,43,43,26
523965824,542,266,276,169
523965831,534,266,268,175
523965832,3023,1501,1522,986
523965833,897,464,433,319
523965834,2568,1313,1255,892
523965841,1304,643,661,431
523965842,21,11,10,12
523965843,1501,756,745,556
523965844,1429,752,677,570
523965851,1097,546,551,370
523965852,224,124,100,95
523965853,2153,1072,1081,720
523965854,920,493,427,374
523965861,3004,1520,1484,1165
523965862,2188,1098,1090,824
523965863,1285,647,638,466
523965864,2117,1035,1082,741
523965871,2225,1100,1125,742
523965872,898,445,453,312
523965873,1877,913,964,653
523965874,461,230,231,177
523965883,1048,480,568,476
523965884,498,244,254,209
523965921,22,11,11,8
523965922,805,424,381,342
523965924,155,77,78,56
523965931,843,423,420,301
523965932,1346,584,762,537
523965933,966,474,492,346
523965934,2689,1340,1349,938
523965941,1626,1052,574,915
523965942,161,90,71,68
523965943,3432,1676,1756,1331
523965944,1129,579,550,509
523965951,1130,570,560,417
523965952,515,257,258,170
523965953,2042,1021,1021,729
523965954,2048,1036,1012,701
523965961,358,180,178,108
523965962,2080,1034,1046,683
523965963,1120,564,556,350
523965964,2488,1231,1257,795
523965971,1642,801,841,527
523965972,1092,532,560,367
523965973,871,443,428,313
523965974,3406,1721,1685,1252
523965981,3143,1538,1605,1188
523965982,1890,885,1005,739
523965983,2396,1159,1237,847
523965984,1011,478,533,341
523965993,30,14,16,10
523966052,294,143,151,112
523966054,98,53,45,30
523966061,332,156,176,103
523966064,25,10,15,7
523966151,34,18,16,10
523966152,96,26,70,4
523966161,73,36,37,19
523966191,41,19,22,12
523966193,45,20,25,12
523966252,14,8,6,6
523966264,31,16,15,12
523966272,17,8,9,6
523966291,74,32,42,22
523966352,77,40,37,24
523966354,120,62,58,35
523966363,270,129,141,75
523966381,30,16,14,8
523966383,77,37,40,20
523966384,52,25,27,15
523966391,61,34,27,16
523966461,43,19,24,10
523966462,180,85,95,50
523966471,108,54,54,37
523966472,17,9,8,4
523966473,162,78,84,55
523966474,551,262,289,161
523966481,19,9,10,4
523966482,54,26,28,15
523966483,124,57,67,16
523966571,6,3,3,1
523966572,377,189,188,117
523966574,35,16,19,13
523966591,16,9,7,5
523966593,255,123,132,89
523966594,726,363,363,269
523966691,91,45,46,34
523966692,792,395,397,294
523966694,490,225,265,189
523966792,23,11,12,8
523966794,21,11,10,8
523966894,56,29,27,14
523966993,58,29,29,14
523966994,200,99,101,58
523967032,66,33,33,26
523967034,24,11,13,6
523967061,32,15,17,10
523967073,20,9,11,7
523967074,21,10,11,7
523967113,30,16,14,8
523967132,24,11,13,6
523967134,17,8,9,5
523967142,39,19,20,10
523967144,40,20,20,9
523967162,22,10,12,7
523967164,81,39,42,20
523967204,33,16,17,8
523967211,64,34,30,18
523967222,89,49,40,25
523967232,42,19,23,9
523967243,43,20,23,9
523967261,71,31,40,21
523967262,34,19,15,8
523967263,131,64,67,38
523967273,36,19,17,8
523967274,31,16,15,7
523967301,65,31,34,20
523967303,113,54,59,27
523967341,52,27,25,16
523967352,93,50,43,28
523967354,96,49,47,27
523967401,168,80,88,49
523967404,50,32,18,1
523967421,32,17,15,9
523967433,190,93,97,44
523967441,54,27,27,16
523967443,73,39,34,20
523967452,34,15,19,10
523967453,37,16,21,10
523967454,31,13,18,9
523967461,33,13,20,9
523967502,35,20,15,10
523967503,476,236,240,152
523967504,146,68,78,41
523967511,66,32,34,18
523967512,27,14,13,8
523967513,219,114,105,74
523967514,136,67,69,39
523967524,90,43,47,27
523967532,45,22,23,10
523967533,202,95,107,55
523967534,67,31,36,21
523967543,139,71,68,37
523967552,143,74,69,33
523967562,53,28,25,14
523967574,111,60,51,35
523967601,376,181,195,116
523967602,146,72,74,46
523967603,137,64,73,50
523967604,129,59,70,43
523967611,363,187,176,112
523967612,210,103,107,76
523967614,140,62,78,38
523967621,200,94,106,59
523967622,137,66,71,42
523967631,94,47,47,33
523967634,145,78,67,47
523967641,212,99,113,54
523967642,307,149,158,84
523967652,59,29,30,17
523967661,45,22,23,13
523967702,24,12,12,8
523967703,22,11,11,8
523967711,97,47,50,22
523967712,38,18,20,10
523967713,64,28,36,21
523967722,97,49,48,28
523967723,109,51,58,30
523967724,52,26,26,14
523967754,18,10,8,7
523967772,42,22,20,11
523967791,49,24,25,15
523967792,47,24,23,12
523967801,17,9,8,5
523967802,22,10,12,7
523967813,103,51,52,32
523967861,20,11,9,7
523967872,33,17,16,10
523967883,36,18,18,10
523967893,179,88,91,47
523967894,58,29,29,18
523967901,16,8,8,4
523967903,16,7,9,4
523967904,12,6,6,4
523967913,51,25,26,15
523967942,43,21,22,14
523967944,10,6,4,4
523967953,32,16,16,9
523967992,115,59,56,29
523967993,50,24,26,15
523970012,12,5,7,7
523970022,33,18,15,11
523970023,12,5,7,7
523970031,220,100,120,142
523970032,457,202,255,218
523970033,93,42,51,48
523970034,788,390,398,292
523970041,414,194,220,149
523970043,614,273,341,228
523970092,60,28,32,14
523970101,29,13,16,13
523970103,84,39,45,39
523970104,161,76,85,68
523970111,17,9,8,11
523970113,213,112,101,112
523970114,281,149,132,22
523970123,8,3,5,5
523970124,20,9,11,13
523970131,6,3,3,3
523970132,50,27,23,28
523970134,38,20,18,23
523970141,49,23,26,16
523970143,17,7,10,7
523970201,288,131,157,111
523970202,341,162,179,133
523970203,522,262,260,229
523970204,1179,560,619,455
523970211,51,31,20,33
523970212,5,3,2,4
523970213,227,106,121,83
523970214,29,15,14,11
523970271,42,25,17,14
523970284,170,87,83,43
523970293,64,31,33,20
523970294,112,47,65,26
523970302,107,50,57,38
523970391,179,95,84,48
523970392,202,100,102,49
523970472,36,19,17,12
523970483,35,19,16,10
523970484,288,138,150,76
523970492,95,53,42,14
523970493,27,14,13,8
523970581,125,56,69,45
523970582,275,135,140,91
523970583,122,57,65,36
523970584,285,141,144,84
523970592,250,121,129,78
523970593,259,134,125,85
523970594,875,427,448,285
523970661,73,38,35,20
523970683,17,9,8,6
523970684,60,30,30,23
523970691,320,160,160,97
523970692,1891,943,948,639
523970693,192,114,78,82
523970694,1240,593,647,416
523970761,66,33,33,19
523970772,6,3,3,1
523970773,91,46,45,21
523970774,764,369,395,232
523970781,539,371,168,333
523970782,311,150,161,95
523970783,1736,845,891,568
523970784,313,159,154,108
523970791,875,470,405,293
523970792,1513,760,753,516
523970793,1289,657,632,483
523970794,1673,838,835,560
523970822,90,48,42,21
523970872,693,351,342,254
523970873,405,200,205,115
523970874,1027,508,519,308
523970881,1395,685,710,472
523970882,1676,852,824,571
523970883,1410,684,726,443
523970884,670,340,330,241
523970891,1369,687,682,459
523970892,781,388,393,244
523970893,818,420,398,238
523970894,136,61,75,34
523970941,84,43,41,22
523970942,85,43,42,22
523970943,214,103,111,53
523970944,292,140,152,2
523970954,338,162,176,83
523970961,118,58,60,28
523970962,207,103,104,59
523970963,111,54,57,27
523970971,791,408,383,225
523970972,301,144,157,85
523970974,155,74,81,39
523970981,39,20,19,12
523970982,223,103,120,72
523970983,380,178,202,134
523970984,867,419,448,281
523970991,793,375,418,235
523970992,484,244,240,143
523970993,1019,496,523,325
523970994,1388,699,689,421
523971001,192,83,109,46
523971002,45,21,24,14
523971011,431,207,224,149
523971012,226,105,121,88
523971013,5,2,3,1
523971014,747,361,386,277
523971021,784,376,408,315
523971022,1833,796,1037,730
523971023,1115,510,605,437
523971024,1911,917,994,790
523971031,2297,1055,1242,837
523971032,53,27,26,16
523971033,2461,1195,1266,969
523971034,1914,909,1005,701
523971043,254,115,139,89
523971103,77,37,40,22
523971111,272,146,126,93
523971112,946,467,479,384
523971114,1337,666,671,473
523971121,2225,1081,1144,855
523971122,2419,1280,1139,920
523971123,1921,939,982,833
523971124,1850,879,971,702
523971131,1921,929,992,728
523971132,2592,1260,1332,956
523971133,1410,711,699,546
523971134,1641,814,827,641
523971141,1136,534,602,412
523971143,128,57,71,49
523971144,964,484,480,382
523971153,1124,561,563,428
523971154,3,1,2,1
523971201,169,78,91,48
523971202,630,331,299,196
523971203,144,85,59,63
523971204,835,416,419,255
523971211,1588,788,800,571
523971212,2326,1154,1172,969
523971213,862,416,446,260
523971214,1061,512,549,374
523971221,2524,1209,1315,1036
523971222,1980,1016,964,798
523971223,1575,788,787,568
523971224,1452,711,741,521
523971231,173,82,91,52
523971232,315,153,162,97
523971233,132,67,65,46
523971234,832,442,390,299
523971241,843,438,405,336
523971242,2203,1078,1125,772
523971243,2798,1401,1397,1069
523971244,2419,1208,1211,883
523971251,2811,1439,1372,997
523971252,571,303,268,205
523971253,1170,585,585,388
523971254,2109,1048,1061,747
523971263,374,173,201,136
523971301,95,47,48,25
523971302,124,74,50,48
523971311,5,3,2,1
523971312,682,329,353,228
523971313,366,182,184,121
523971314,1228,584,644,374
523971321,1061,530,531,395
523971322,317,159,158,112
523971323,1686,849,837,627
523971324,1031,507,524,384
523971331,769,383,386,244
523971332,1833,928,905,669
523971333,1284,658,626,435
523971334,887,478,409,379
523971341,1919,948,971,746
523971342,2393,1203,1190,967
523971343,2256,1128,1128,855
523971344,2209,1134,1075,831
523971351,743,388,355,260
523971352,1268,630,638,476
523971353,802,399,403,286
523971354,897,482,415,261
523971361,1439,693,746,484
523971362,412,206,206,158
523971363,1618,819,799,615
523971364,1127,554,573,412
523971373,645,320,325,237
523971374,680,349,331,221
523971383,20,10,10,5
523971401,410,205,205,161
523971402,413,203,210,124
523971403,1034,504,530,347
523971404,1602,781,821,558
523971411,1007,516,491,324
523971412,1093,549,544,418
523971413,1669,835,834,581
523971414,1951,992,959,715
523971421,2344,1129,1215,930
523971422,1348,621,727,574
523971423,1657,831,826,572
523971424,113,65,48,46
523971431,1031,530,501,341
523971432,410,193,217,132
523971433,580,305,275,199
523971434,1055,616,439,429
523971441,1723,872,851,564
523971442,1746,893,853,631
523971443,1329,653,676,461
523971444,1791,956,835,628
523971451,964,486,478,341
523971452,1652,822,830,561
523971453,596,327,269,228
523971454,315,201,114,164
523971461,1735,880,855,599
523971462,527,244,283,183
523971463,582,287,295,200
523971464,84,43,41,26
523971471,32,15,17,10
523971472,583,279,304,188
523971481,831,422,409,275
523971482,220,115,105,71
523971483,177,84,93,55
523971484,1126,551,575,379
523971493,850,440,410,305
523971494,37,18,19,17
523971501,1754,864,890,570
523971502,1545,773,772,538
523971503,1890,915,975,670
523971504,1159,575,584,391
523971511,1584,783,801,590
523971512,2081,1031,1050,813
523971513,1202,587,615,422
523971514,1237,612,625,431
523971521,1446,706,740,505
523971522,245,120,125,109
523971523,1045,493,552,377
523971524,330,156,174,86
523971531,697,391,306,276
523971532,1184,575,609,381
523971533,358,186,172,104
523971534,56,31,25,15
523971541,237,122,115,66
523971542,1125,564,561,360
523971543,991,494,497,293
523971544,1703,845,858,543
523971551,959,488,471,311
523971552,408,188,220,118
523971553,412,193,219,124
523971554,412,196,216,119
523971561,170,79,91,47
523971574,247,123,124,65
523971581,134,63,71,41
523971582,1529,765,764,472
523971583,938,462,476,315
523971584,989,492,497,311
523971591,1114,537,577,377
523971592,1317,678,639,473
523971593,281,135,146,93
523971594,451,207,244,152
523971601,1271,617,654,427
523971602,644,333,311,219
523971603,1928,990,938,664
523971604,1066,539,527,404
523971611,231,113,118,71
523971612,1328,656,672,501
523971613,1226,597,629,428
523971614,1254,621,633,420
523971622,235,116,119,69
523971631,121,61,60,39
523971632,371,182,189,110
523971633,343,162,181,90
523971634,111,58,53,30
523971641,1101,551,550,300
523971642,1544,749,795,465
523971643,354,171,183,110
523971644,943,465,478,274
523971651,574,280,294,161
523971652,88,46,42,19
523971653,398,191,207,100
523971654,5,2,3,1
523971663,49,30,19,2
523971671,188,102,86,49
523971672,80,20,60,1
523971674,85,45,40,23
523971681,871,418,453,252
523971682,8,4,4,1
523971683,248,121,127,70
523971684,182,88,94,63
523971691,643,319,324,197
523971692,654,340,314,201
523971693,1672,797,875,634
523971694,905,440,465,304
523971701,400,176,224,115
523971702,1700,832,868,619
523971703,104,51,53,33
523971704,674,321,353,216
523971711,2389,1172,1217,882
523971712,1377,658,719,480
523971713,1214,593,621,414
523971714,335,173,162,113
523971721,608,297,311,278
523971722,244,118,126,61
523971723,458,219,239,148
523971724,27,11,16,8
523971731,414,200,214,146
523971733,412,200,212,111
523971734,70,30,40,23
523971741,274,135,139,78
523971743,180,89,91,43
523971771,127,59,68,27
523971772,203,99,104,54
523971773,23,14,9,10
523971774,103,52,51,36
523971781,648,329,319,187
523971782,1987,948,1039,702
523971783,305,149,156,76
523971784,185,90,95,53
523971791,1225,584,641,470
523971792,1503,749,754,561
523971793,1579,768,811,621
523971794,979,458,521,275
523971801,103,51,52,33
523971802,416,202,214,123
523971803,281,156,125,86
523971804,585,300,285,221
523971811,202,92,110,65
523971813,183,103,80,57
523971814,286,121,165,67
523971821,265,133,132,86
523971822,512,268,244,166
523971823,764,395,369,260
523971824,902,448,454,296
523971831,774,383,391,225
523971832,166,75,91,42
523971833,770,382,388,255
523971854,161,69,92,34
523971871,145,76,69,57
523971872,861,447,414,284
523971873,780,395,385,208
523971874,670,363,307,233
523971881,259,123,136,67
523971891,269,132,137,85
523971892,247,119,128,78
523971893,236,122,114,74
523971901,831,430,401,267
523971902,824,429,395,311
523971903,513,256,257,169
523971904,593,281,312,205
523971912,30,14,16,10
523971913,5,3,2,1
523971914,1509,772,737,491
523971921,402,186,216,112
523971922,734,364,370,226
523971923,970,501,469,333
523971924,591,375,216,310
523971931,150,76,74,44
523971933,470,236,234,127
523971964,154,74,80,39
523971973,167,81,86,53
523971982,232,114,118,70
523971984,299,154,145,89
523971991,7,3,4,1
523972501,640,300,340,231
523972502,139,68,71,52
523972503,768,358,410,297
523972504,1587,754,833,627
523972513,1395,684,711,473
523972514,16,8,8,5
523972601,661,337,324,243
523972602,1504,727,777,568
523972603,1298,643,655,467
523972604,1618,786,832,564
523972611,1364,657,707,503
523972612,914,449,465,313
523972613,783,371,412,267
523972614,787,383,404,259
523972621,818,413,405,292
523972622,655,328,327,255
523972623,1674,828,846,592
523972624,1174,592,582,395
523972631,295,150,145,92
523972632,198,98,100,75
523972633,525,257,268,166
523972634,757,382,375,251
523972641,8,4,4,2
523972643,841,415,426,293
523972644,491,242,249,171
523972653,781,375,406,279
523972701,737,371,366,277
523972702,1435,761,674,512
523972703,364,185,179,109
523972704,452,239,213,143
523972711,1432,684,748,465
523972712,1319,636,683,445
523972713,176,88,88,56
523972714,277,140,137,61
523972721,1225,605,620,412
523972722,831,398,433,282
523972723,1120,589,531,474
523972724,49,43,6,10
523972731,175,81,94,56
523972732,228,107,121,79
523972734,184,91,93,69
523972741,1450,714,736,523
523972742,1307,615,692,510
523972743,239,118,121,85
523972744,634,304,330,228
523972751,1760,851,909,579
523972752,871,426,445,296
523972753,985,473,512,360
523972754,2543,1252,1291,862
523972763,1513,690,823,472
523972764,1220,605,615,434
523972773,1213,603,610,483
523972774,629,310,319,214
523972783,145,65,80,49
523972784,118,62,56,50
523972793,182,95,87,76
523972801,733,355,378,211
523972804,60,29,31,16
523972812,24,10,14,10
523972813,171,86,85,49
523972814,132,64,68,32
523972821,219,103,116,58
523972822,49,25,24,14
523972823,165,74,91,47
523972824,244,125,119,63
523972841,6,3,3,1
523972842,80,40,40,27
523972843,192,92,100,71
523972844,104,51,53,29
523972851,172,83,89,61
523972852,1013,471,542,353
523972853,5,3,2,1
523972854,132,67,65,41
523972861,1009,491,518,358
523972862,3026,1468,1558,1039
523972863,950,485,465,341
523972864,1627,807,820,600
523972871,4265,2166,2099,1621
523972872,3253,1612,1641,1206
523972873,1496,736,760,592
523972874,2838,1402,1436,1143
523972881,2462,1157,1305,910
523972882,2159,1072,1087,821
523972883,2535,1263,1272,1027
523972884,2522,1227,1295,984
523972891,1900,918,982,646
523972893,1575,773,802,542
523972894,33,16,17,9
523972901,53,24,29,13
523972902,282,133,149,74
523972904,21,15,6,21
523972911,100,24,76,2
523972922,2,0,2,2
523972931,247,128,119,70
523972932,233,116,117,75
523972934,99,45,54,27
523972941,1503,744,759,474
523972942,1352,630,722,345
523972943,2708,1331,1377,743
523972944,2647,1340,1307,1007
523972951,1111,568,543,398
523972952,1814,894,920,631
523972953,4001,1981,2020,1267
523972954,1697,844,853,599
523972961,1256,631,625,451
523972962,2035,1041,994,766
523972963,1533,769,764,596
523972964,2770,1340,1430,1029
523972971,3013,1485,1528,1095
523972972,2298,1098,1200,1007
523972973,3163,1606,1557,1316
523972974,3577,1722,1855,1567
523972981,2770,1363,1407,1294
523972982,1020,499,521,420
523972983,3142,1593,1549,1388
523972984,2426,1241,1185,1007
523972991,160,102,58,79
523972992,6,4,2,1
523972993,215,106,109,70
523972994,838,421,417,281
523973574,4,2,2,1
523973583,96,49,47,38
523973584,37,19,18,16
523973681,149,68,81,61
523973682,169,80,89,66
523973684,337,163,174,150
523973693,254,134,120,89
523973694,824,395,429,301
523973704,1,0,1,1
523973714,10,6,4,3
523973774,330,158,172,136
523973781,493,257,236,251
523973782,2336,1102,1234,977
523973783,2088,1020,1068,826
523973784,2295,1136,1159,902
523973791,2574,1211,1363,1038
523973792,2475,1217,1258,914
523973793,1068,513,555,408
523973794,2310,1121,1189,841
523973801,138,73,65,52
523973802,2826,1365,1461,1101
523973803,561,281,280,190
523973804,4459,2179,2280,1905
523973811,1182,562,620,396
523973812,1571,789,782,611
523973813,3436,1736,1700,1443
523973814,3266,1606,1660,1268
523973821,658,317,341,272
523973822,1115,552,563,438
523973823,2744,1357,1387,1170
523973824,2892,1408,1484,1117
523973831,1399,682,717,546
523973832,285,132,153,108
523973833,2929,1479,1450,1131
523973834,2211,1066,1145,804
523973842,101,51,50,45
523973843,2272,1137,1135,804
523973844,2439,1227,1212,892
523973853,2456,1237,1219,1150
523973854,2823,1405,1418,1134
523973861,308,158,150,126
523973862,1657,788,869,560
523973863,3047,1525,1522,1092
523973864,2999,1474,1525,1085
523973871,1978,955,1023,777
523973872,2168,985,1183,893
523973873,2846,1364,1482,1060
523973874,2379,1100,1279,998
523973881,1926,862,1064,717
523973882,2441,1199,1242,924
523973883,2091,997,1094,820
523973884,2094,1002,1092,782
523973891,1564,716,848,599
523973892,1824,858,966,686
523973893,1845,874,971,692
523973894,1669,786,883,641
523973901,511,250,261,160
523973902,2401,1216,1185,827
523973903,1218,611,607,434
523973904,1734,862,872,569
523973911,2931,1485,1446,1226
523973912,3163,1606,1557,1236
523973913,2368,1211,1157,880
523973914,2837,1436,1401,1119
523973921,2921,1422,1499,1267
523973922,2818,1325,1493,1230
523973923,2068,1011,1057,866
523973924,2448,1134,1314,1034
523973931,3409,1651,1758,1355
523973932,3172,1560,1612,1183
523973933,2885,1395,1490,1132
523973934,3607,1767,1840,1366
523973941,3266,1589,1677,1160
523973942,2881,1406,1475,1067
523973943,3105,1499,1606,1121
523973944,2762,1366,1396,1018
523973951,2811,1354,1457,1038
523973952,3102,1558,1544,1215
523973953,3042,1530,1512,1255
523973954,2698,1401,1297,1203
523973961,2148,1072,1076,812
523973962,2228,1064,1164,783
523973963,2484,1267,1217,1021
523973964,2535,1290,1245,1065
523973971,1787,901,886,675
523973972,2535,1208,1327,1011
523973973,1678,838,840,614
523973974,2819,1347,1472,1121
523973981,2290,1096,1194,850
523973982,2504,1208,1296,1010
523973983,2585,1231,1354,1026
523973984,2863,1420,1443,1246
523973991,1868,910,958,706
523973992,223,100,123,82
523973993,620,310,310,233
523973994,1457,773,684,576
523974062,50,25,25,21
523974063,53,21,32,21
523974064,146,74,72,53
523974071,483,242,241,181
523974072,87,39,48,30
523974073,124,66,58,46
523974081,50,27,23,16
523974082,34,14,20,8
523974083,2,1,1,1
523974084,581,287,294,219
523974153,19,10,9,10
523974154,124,62,62,55
523974161,359,180,179,127
523974162,1320,607,713,477
523974163,653,294,359,263
523974164,1673,793,880,613
523974171,588,282,306,205
523974172,57,26,31,23
523974173,1349,650,699,473
523974174,472,215,257,165
523974181,104,53,51,38
523974183,452,201,251,136
523974184,306,151,155,114
523974193,464,238,226,157
523974194,176,90,86,60
523974251,105,52,53,49
523974252,716,344,372,264
523974254,936,444,492,370
523974261,72,34,38,26
523974262,1208,569,639,449
523974263,1688,773,915,630
523974264,844,400,444,307
523974271,1373,633,740,493
523974272,466,224,242,154
523974273,205,92,113,68
523974274,151,69,82,52
523974281,143,70,73,49
523974282,504,247,257,173
523974291,161,76,85,52
523974352,1453,666,787,504
523974354,295,147,148,111
523974361,1158,550,608,439
523974362,176,72,104,58
523974363,998,482,516,379
523974364,319,151,168,118
523974373,434,211,223,143
523974374,90,46,44,30
523974452,571,263,308,231
523974454,446,203,243,190
523974461,625,308,317,236
523974462,951,447,504,339
523974463,1194,575,619,491
523974464,893,444,449,336
523974471,1266,606,660,441
523974473,2207,1056,1151,793
523974474,896,437,459,349
523974483,738,339,399,272
523974484,259,118,141,90
523974493,421,191,230,150
523974494,6,4,2,2
523974541,3,2,1,1
523974542,237,112,125,95
523974543,443,209,234,198
523974544,1513,718,795,623
523974551,165,84,81,49
523974552,1399,671,728,586
523974553,737,371,366,288
523974554,2703,1326,1377,1075
523974561,2217,1042,1175,904
523974562,2232,1054,1178,915
523974563,1528,695,833,653
523974564,2089,982,1107,868
523974571,1272,592,680,478
523974572,562,257,305,230
523974573,2478,1205,1273,959
523974574,1907,914,993,761
523974581,595,280,315,215
523974582,1548,773,775,479
523974583,2455,1189,1266,990
523974584,1535,740,795,564
523974591,775,377,398,271
523974592,357,186,171,130
523974593,787,399,388,297
523974594,1623,815,808,628
523974603,608,244,364,144
523974604,1122,553,569,429
523974611,118,41,77,23
523974612,263,118,145,116
523974613,528,260,268,201
523974614,874,398,476,321
523974621,74,29,45,24
523974623,1080,506,574,413
523974624,222,83,139,83
523974634,291,139,152,114
523974641,415,196,219,168
523974642,2033,958,1075,771
523974643,1780,834,946,682
523974644,982,478,504,378
523974651,2503,1218,1285,934
523974652,1734,822,912,661
523974653,1281,610,671,463
523974654,1377,648,729,494
523974661,1327,658,669,515
523974662,1147,552,595,458
523974663,1008,517,491,367
523974664,63,31,32,21
523974671,1202,571,631,462
523974672,2452,1163,1289,914
523974673,254,130,124,102
523974674,2349,1132,1217,857
523974681,884,417,467,324
523974682,118,54,64,42
523974683,538,243,295,150
523974684,10,6,4,4
523974691,358,188,170,129
523974692,1025,510,515,406
523974693,1059,519,540,362
523974694,1385,670,715,485
523974701,1004,484,520,378
523974702,922,444,478,331
523974703,1790,864,926,676
523974704,629,296,333,223
523974711,1759,826,933,654
523974712,1597,749,848,588
523974713,895,410,485,331
523974714,895,404,491,321
523974721,658,309,349,255
523974722,1605,736,869,649
523974723,486,228,258,194
523974724,1025,454,571,389
523974731,974,447,527,411
523974732,1902,874,1028,774
523974733,1468,685,783,577
523974734,2149,993,1156,883
523974741,2462,1136,1326,955
523974742,1417,675,742,535
523974743,2147,991,1156,877
523974744,1197,549,648,489
523974751,152,74,78,53
523974752,1620,769,851,591
523974753,583,264,319,223
523974754,1024,473,551,399
523974761,719,337,382,263
523974763,750,337,413,276
523974772,70,30,40,20
523974781,17,7,10,7
523974782,648,321,327,226
523974784,2998,1446,1552,925
523974791,2288,1097,1191,769
523974792,2182,1113,1069,887
523974793,2531,1250,1281,881
523974794,1937,983,954,793
523974801,1605,759,846,598
523974802,1740,810,930,643
523974803,2044,948,1096,758
523974804,1133,570,563,421
523974811,484,211,273,199
523974812,877,401,476,298
523974813,1414,666,748,523
523974814,988,488,500,371
523974821,986,464,522,377
523974822,650,300,350,256
523974823,1144,546,598,427
523974824,293,127,166,112
523974831,1034,482,552,399
523974832,1219,517,702,494
523974833,814,380,434,315
523974834,448,197,251,188
523974841,1223,551,672,501
523974842,511,226,285,200
523974843,1980,866,1114,809
523974844,1497,686,811,628
523974851,431,208,223,166
523974852,805,369,436,311
523974853,1196,554,642,457
523974854,1175,526,649,454
523974861,1033,500,533,399
523974862,66,36,30,24
523974863,445,205,240,161
523974864,212,105,107,80
523974874,1594,781,813,538
523974881,410,210,200,153
523974882,3831,1910,1921,1457
523974883,1490,708,782,521
523974884,3340,1650,1690,1306
523974891,3547,1793,1754,1216
523974892,3057,1541,1516,1344
523974893,3182,1573,1609,1295
523974894,2228,1128,1100,1043
523974901,1032,531,501,396
523974902,1671,833,838,619
523974903,1172,616,556,453
523974904,1341,657,684,489
523974911,928,456,472,339
523974912,1839,899,940,729
523974913,2308,1148,1160,873
523974914,1376,701,675,571
523974921,1902,920,982,697
523974922,611,300,311,246
523974923,1608,792,816,642
523974924,1132,524,608,458
523974931,400,194,206,157
523974932,764,340,424,304
523974933,512,232,280,199
523974934,166,77,89,73
523974941,669,304,365,265
523974942,605,256,349,237
523974943,361,180,181,178
523974944,389,187,202,155
523974951,656,300,356,266
523974952,733,354,379,279
523974953,573,273,300,219
523974954,187,91,96,73
523974961,82,39,43,27
523974962,58,25,33,20
523974963,3,1,2,3
523974972,1415,711,704,470
523974973,5,4,1,2
523974974,691,353,338,264
523974981,2459,1227,1232,903
523974982,1839,945,894,761
523974983,3288,1641,1647,1222
523974984,3853,1939,1914,1418
523974991,2999,1562,1437,1388
523974992,2889,1501,1388,1416
523974993,1412,732,680,536
523974994,1911,930,981,856
523975001,1,0,1,1
523975004,20,9,11,5
523975011,53,29,24,25
523975012,483,244,239,181
523975013,987,454,533,383
523975014,1940,991,949,689
523975021,1546,750,796,541
523975022,907,441,466,319
523975023,1994,988,1006,733
523975024,2654,1261,1393,1016
523975031,2960,1435,1525,1117
523975032,2668,1361,1307,950
523975033,2800,1347,1453,1112
523975034,3049,1470,1579,1235
523975041,2572,1316,1256,1006
523975042,3387,1679,1708,1418
523975043,1835,920,915,729
523975044,1925,948,977,706
523975051,1939,994,945,647
523975052,2516,1250,1266,776
523975053,2086,1006,1080,749
523975054,1530,748,782,544
523975061,1314,653,661,456
523975062,1893,938,955,719
523975063,2645,1305,1340,938
523975064,2722,1342,1380,975
523975071,1975,972,1003,751
523975072,3648,1840,1808,1287
523975073,2569,1293,1276,1012
523975074,609,301,308,227
523975081,2376,1169,1207,811
523975082,1494,727,767,498
523975083,1515,761,754,490
523975084,911,437,474,300
523975091,188,85,103,57
523975093,108,52,56,35
523975094,6,6,0,1
523975102,276,135,141,94
523975103,780,385,395,274
523975104,633,312,321,211
523975111,1609,800,809,579
523975112,2713,1292,1421,1056
523975113,1290,643,647,476
523975114,2412,1185,1227,921
523975121,3286,1598,1688,1238
523975122,2472,1165,1307,1020
523975123,3483,1706,1777,1139
523975124,3510,1689,1821,1325
523975131,2541,1246,1295,1038
523975132,2577,1242,1335,930
523975133,1898,935,963,728
523975134,2828,1377,1451,1109
523975141,2911,1446,1465,1064
523975142,3332,1639,1693,1328
523975143,1771,856,915,654
523975144,2112,984,1128,866
523975151,2376,1172,1204,933
523975152,2666,1288,1378,1061
523975153,2077,986,1091,873
523975154,1761,840,921,643
523975161,2352,1115,1237,851
523975162,1885,889,996,660
523975163,666,317,349,225
523975164,639,315,324,222
523975171,1886,906,980,655
523975172,1780,1633,147,14
523975173,259,134,125,93
523975174,48,22,26,16
523975181,89,44,45,37
523975182,1579,802,777,573
523975183,593,254,339,179
523975184,18,9,9,4
523975191,36,17,19,10
523975211,220,110,110,85
523975212,1386,692,694,528
523975213,29,16,13,10
523975214,1088,521,567,354
523975221,2169,1039,1130,784
523975222,2278,1116,1162,861
523975223,2581,1232,1349,896
523975224,2825,1367,1458,1037
523975231,1447,684,763,575
523975232,2868,1362,1506,1230
523975233,2617,1282,1335,1074
523975234,2718,1238,1480,1093
523975241,2918,1406,1512,1201
523975242,1361,672,689,584
523975243,2793,1320,1473,1270
523975244,1000,513,487,347
523975251,24,11,13,6
523975303,39,20,19,21
523975304,178,89,89,75
523975311,60,32,28,20
523975312,367,180,187,143
523975313,683,338,345,266
523975314,1242,607,635,496
523975321,1398,697,701,568
523975322,1832,863,969,777
523975323,2323,1120,1203,921
523975324,1768,836,932,768
523975331,2851,1363,1488,1200
523975332,2051,966,1085,936
523975333,2713,1271,1442,1158
523975334,1121,524,597,520
523975341,2246,1092,1154,1067
523975343,519,244,275,270
523975401,222,112,110,89
523975402,576,290,286,214
523975403,563,252,311,199
523975404,1629,793,836,650
523975411,820,389,431,334
523975412,1312,631,681,506
523975413,1139,566,573,437
523975414,1437,826,611,434
523975421,3078,2441,637,526
523975422,724,687,37,33
523975423,431,420,11,7
523975431,48,23,25,21
523975432,884,373,511,396
523975441,8,3,5,2
523975501,986,478,508,381
523975502,1282,828,454,332
523975503,962,471,491,356
523975511,555,271,284,214
523975512,291,180,111,104
523975514,5,2,3,1
523975601,2927,1434,1493,1059
523975602,1348,1263,85,76
523975603,2270,1154,1116,817
523975604,2176,1056,1120,758
523975613,311,145,166,109
523975701,2424,1263,1161,988
523975702,2514,1313,1201,968
523975703,2721,1390,1331,1107
523975704,1869,1134,735,1052
523975711,45,23,22,13
523975713,44,20,24,15
523975801,3608,1763,1845,1439
523975802,529,277,252,230
523975803,3399,1685,1714,1334
523975804,628,308,320,242
523975811,5,2,3,1
523975901,1019,510,509,407
523975902,1452,789,663,632
523975903,3372,1665,1707,1434
523975904,1431,700,731,590
523976091,264,122,142,96
523976092,180,87,93,67
523976093,185,94,91,51
523976094,98,59,39,32
523976192,104,48,56,35
523976284,240,119,121,72
523976291,104,52,52,28
523976292,113,54,59,43
523976381,608,297,311,182
523976382,479,233,246,144
523976383,575,285,290,171
523976384,532,267,265,170
523976391,308,157,151,97
523976392,49,27,22,12
523976393,50,26,24,12
523976394,51,27,24,12
523976474,79,41,38,32
523976481,256,124,132,93
523976482,671,320,351,207
523976483,379,189,190,150
523976484,799,393,406,279
523976491,203,103,100,59
523976493,50,28,22,18
523976494,225,108,117,56
523976572,235,122,113,80
523976573,113,51,62,29
523976574,235,107,128,73
523976581,551,285,266,185
523976582,384,183,201,147
523976583,260,138,122,94
523976584,921,462,459,318
523976591,258,121,137,85
523976592,405,196,209,114
523976593,348,171,177,91
523976594,433,223,210,138
523976653,87,45,42,25
523976654,412,210,202,132
523976662,209,108,101,50
523976663,307,118,189,57
523976664,113,57,56,29
523976671,247,116,131,64
523976672,125,60,65,35
523976682,225,115,110,70
523976683,63,29,34,14
523976684,98,49,49,26
523976691,370,182,188,116
523976692,73,38,35,20
523976693,83,38,45,23
523976694,34,16,18,10
523976744,250,136,114,78
523976751,874,438,436,285
523976752,754,404,350,300
523976753,1149,571,578,367
523976754,1151,558,593,338
523976761,98,52,46,31
523976763,211,105,106,53
523976764,65,33,32,18
523976771,112,53,59,24
523976772,90,44,46,24
523976773,190,86,104,48
523976781,99,42,57,23
523976782,95,47,48,29
523976783,148,78,70,40
523976784,71,36,35,21
523976791,37,15,22,10
523976792,30,15,15,9
523976793,51,9,42,1
523976794,4,3,1,1
523976851,17,8,9,4
523976852,156,71,85,42
523976861,85,45,40,23
523976862,308,141,167,88
523976871,207,102,105,59
523976872,114,57,57,34
523976873,675,343,332,195
523976874,930,462,468,274
523976881,7,3,4,1
523976882,468,232,236,138
523976883,857,483,374,370
523976884,1018,543,475,380
523976891,268,133,135,88
523976892,50,24,26,13
523976893,381,183,198,117
523976894,144,66,78,44
523976971,69,31,38,20
523976972,805,416,389,270
523976974,225,135,90,105
523976981,843,420,423,277
523976982,1056,519,537,363
523976983,1383,683,700,494
523976984,698,348,350,238
523976991,428,208,220,149
523976992,9,4,5,3
523976993,186,96,90,59
523976994,764,394,370,275
523977001,29,14,15,8
523977002,108,51,57,34
523977003,105,49,56,33
523977004,47,23,24,14
523977013,39,21,18,11
523977021,41,20,21,12
523977064,68,33,35,28
523977073,34,17,17,13
523977092,104,41,63,29
523977094,178,83,95,46
523977101,227,110,117,76
523977102,60,28,32,19
523977103,322,164,158,99
523977104,165,81,84,54
523977111,230,112,118,83
523977112,249,122,127,68
523977113,64,33,31,23
523977121,44,20,24,12
523977124,29,15,14,9
523977181,39,18,21,13
523977192,119,62,57,34
523977193,119,61,58,33
523977201,43,23,20,14
523977202,37,17,20,9
523977204,19,10,9,6
523977211,53,27,26,14
523977212,49,16,33,3
523977213,34,15,19,8
523977214,98,49,49,26
523977222,45,23,22,16
523977223,60,32,28,14
523977224,26,13,13,8
523977231,28,13,15,8
523977232,37,17,20,11
523977233,48,28,20,12
523977234,62,30,32,14
523977252,43,24,19,14
523977291,243,129,114,64
523977292,118,62,56,32
523977294,122,66,56,38
523977301,139,67,72,36
523977303,142,67,75,36
523977311,68,33,35,15
523977313,133,62,71,31
523977314,140,66,74,30
523977334,53,26,27,15
523977342,55,25,30,15
523977343,48,21,27,14
523977344,50,13,37,1
523977351,46,26,20,14
523977353,132,79,53,15
523977361,44,20,24,10
523977364,36,16,20,9
523977373,24,12,12,7
523977382,224,105,119,56
523977383,125,65,60,32
523977384,121,62,59,31
523977391,107,57,50,31
523977393,92,47,45,24
523977411,50,19,31,1
523977412,111,56,55,30
523977413,91,46,45,25
523977414,85,41,44,22
523977423,76,34,42,17
523977431,73,36,37,19
523977434,47,22,25,13
523977441,97,44,53,26
523977451,58,25,33,16
523977452,121,51,70,32
523977453,45,24,21,13
523977471,55,27,28,14
523977472,138,70,68,41
523977484,234,119,115,66
523977491,77,39,38,22
523977492,81,39,42,22
523977494,189,98,91,51
523977501,26,12,14,6
523977503,61,27,34,18
523977511,59,29,30,17
523977514,144,66,78,43
523977524,54,27,27,15
523977531,74,36,38,19
523977533,75,36,39,19
523977541,48,22,26,12
523977543,685,359,326,220
523977544,189,95,94,55
523977551,76,39,37,23
523977554,296,155,141,81
523977561,103,51,52,31
523977562,348,182,166,105
523977563,252,126,126,75
523977564,58,31,27,17
523977573,277,145,132,76
523977574,166,86,80,46
523977581,132,66,66,40
523977582,215,105,110,56
523977583,195,100,95,53
523977584,143,69,74,41
523977591,146,70,76,41
523977601,281,145,136,75
523977602,46,22,24,15
523977604,103,51,52,26
523977622,110,53,57,30
523977623,71,34,37,16
523977624,102,52,50,30
523977633,340,172,168,104
523977634,726,435,291,325
523977641,856,443,413,273
523977642,210,103,107,56
523977643,469,239,230,150
523977644,65,33,32,22
523977652,398,198,200,126
523977654,523,267,256,154
523977661,880,415,465,306
523977662,554,264,290,190
523977663,418,200,218,131
523977664,353,156,197,108
523977671,462,231,231,132
523977672,183,82,101,57
523977673,191,91,100,52
523977681,141,72,69,43
523977682,101,46,55,25
523977683,104,50,54,22
523977691,186,87,99,50
523977692,24,13,11,7
523977701,97,48,49,25
523977702,52,28,24,12
523977712,57,28,29,15
523977714,52,25,27,14
523977722,69,40,29,21
523977724,134,70,64,31
523977731,486,300,186,232
523977732,470,239,231,146
523977733,340,171,169,102
523977734,1604,810,794,553
523977741,73,37,36,27
523977742,36,18,18,12
523977743,197,90,107,55
523977744,6,3,3,1
523977751,75,36,39,22
523977753,89,45,44,24
523977754,84,41,43,23
523977761,189,76,113,32
523977762,290,146,144,85
523977763,90,45,45,22
523977764,27,14,13,7
523977771,145,74,71,34
523977781,77,38,39,17
523977782,46,22,24,12
523977784,99,45,54,24
523977801,209,104,105,54
523977802,232,114,118,66
523977803,218,112,106,69
523977804,78,35,43,23
523977811,301,154,147,98
523977812,59,36,23,32
523977814,870,504,366,402
523977821,190,89,101,49
523977822,51,25,26,18
523977823,510,263,247,183
523977824,774,387,387,274
523977831,1342,669,673,470
523977832,1688,797,891,550
523977833,2081,1039,1042,704
523977834,1718,869,849,587
523977841,564,276,288,192
523977843,1015,503,512,366
523977844,777,436,341,320
523977851,45,24,21,13
523977852,91,48,43,25
523977853,634,336,298,252
523977871,55,27,28,14
523977881,35,17,18,9
523977893,27,14,13,8
523977901,87,86,1,86
523977902,239,111,128,73
523977903,364,185,179,132
523977904,1190,597,593,408
523977911,499,262,237,209
523977912,1358,673,685,498
523977913,996,498,498,387
523977914,900,419,481,354
523977921,1511,753,758,572
523977922,1029,500,529,378
523977923,855,413,442,375
523977924,1456,687,769,546
523977931,1342,646,696,457
523977932,1661,818,843,525
523977933,1696,879,817,601
523977934,1481,732,749,490
523977941,729,362,367,264
523977942,1653,973,680,775
523977943,767,370,397,247
523977944,106,99,7,96
523977951,651,369,282,250
523977954,97,47,50,33
523977961,91,44,47,22
523977963,313,153,160,89
523977964,33,17,16,9
523977982,35,17,18,9
523977984,35,17,18,9
523977992,25,13,12,7
