KEY_CODE,T000752001,T000752002,T000752003,T000752004
,êlå˚ëçêî,íj,èó,ê¢ë—ëçêî
523900803,20,11,9,8
523900903,40,20,20,17
523902493,9,4,5,6
523902593,2,1,1,1
523902681,2,1,1,1
523902683,3,2,1,3
523902684,7,3,4,4
523902781,86,40,46,44
523902782,28,11,17,12
523902783,121,62,59,52
523902784,197,99,98,99
523902793,59,26,33,18
523902882,43,21,22,14
523902884,74,39,35,29
523902891,2,2,0,2
523902982,141,73,68,71
523902983,152,72,80,69
523902984,364,177,187,167
523902991,17,7,10,7
523902993,249,119,130,100
523903124,47,24,23,24
523903133,300,144,156,125
523903143,49,34,15,2
523903144,423,223,200,171
523903222,242,116,126,99
523903223,132,70,62,55
523903231,203,95,108,102
523903232,134,67,67,47
523903242,273,140,133,114
523903244,140,75,65,57
523903251,223,105,118,113
523903252,41,19,22,19
523903253,357,168,189,154
523903302,73,37,36,31
523903304,2,0,2,1
523903311,113,59,54,44
523903331,4,3,1,3
523903332,154,76,78,69
523903333,83,49,34,2
523903334,82,48,34,2
523903351,114,58,56,64
523903804,1,1,0,1
523910001,344,168,176,136
523910002,294,137,157,86
523910004,157,81,76,47
523910013,188,99,89,66
523910112,61,30,31,19
523910114,253,121,132,87
523910124,41,26,15,25
523910133,284,145,139,122
523910202,226,112,114,59
523910204,90,45,45,26
523910221,126,74,52,53
523910222,1096,522,574,419
523910224,546,261,285,181
523910231,1823,849,974,659
523910232,938,453,485,325
523910233,1877,878,999,645
523910234,531,241,290,159
523910301,87,42,45,25
523910312,126,65,61,41
523910321,454,209,245,107
523910331,202,101,101,77
523910332,114,55,59,40
523910334,165,81,84,64
523910441,140,66,74,43
523910444,35,19,16,13
523910511,6,4,2,4
523910514,4,2,2,2
523910541,35,18,17,13
523910544,114,56,58,43
523910624,87,40,47,24
523910634,403,193,210,125
523910642,427,206,221,159
523910643,422,172,250,120
523910644,666,323,343,267
523910653,336,160,176,123
523910731,90,40,50,24
523910732,51,24,27,21
523910734,53,25,28,21
523910741,208,112,96,77
523910742,56,25,31,21
523910744,861,435,426,341
523910753,793,351,442,278
523910754,248,132,116,130
523910834,36,19,17,16
523910842,414,186,228,169
523910843,87,38,49,42
523910844,594,295,299,216
523910851,312,142,170,117
523910852,252,130,122,136
523910853,70,35,35,27
523910902,16,8,8,6
523910934,38,20,18,16
523910943,35,17,18,15
523910944,73,36,37,27
523910954,235,116,119,107
523910961,158,80,78,74
523912081,259,133,126,115
523912082,602,293,309,302
523912083,26,18,8,17
523912084,263,144,119,106
523912091,151,69,82,64
523912093,74,35,39,29
523912181,193,96,97,86
523912182,317,160,157,145
523912184,84,42,42,12
523912193,3,1,2,1
523912281,115,58,57,46
523912282,87,45,42,32
523912284,13,8,5,7
523912291,5,2,3,3
523912292,2,1,1,1
523912293,248,105,143,54
523912294,27,14,13,12
523912381,111,62,49,51
523912382,80,38,42,34
523912383,63,32,31,31
523912384,17,9,8,9
523912391,146,77,69,65
523912393,19,10,9,9
523912394,174,83,91,66
523912482,127,64,63,50
523912491,20,10,10,9
523912492,22,11,11,9
523912493,22,11,11,9
523912494,121,60,61,46
523912582,127,62,65,52
523912592,30,13,17,12
523913021,35,16,19,18
523913203,34,16,18,14
523913212,23,10,13,10
523913224,16,9,7,8
523913242,16,7,9,4
523913301,158,71,87,65
523913303,150,73,77,59
523913304,51,24,27,23
523913321,45,27,18,19
523913324,10,4,6,4
523913332,55,29,26,31
523913333,162,71,91,78
523913334,50,24,26,17
523913341,5,2,3,2
523913402,64,29,35,31
523913411,240,129,111,119
523913412,5,2,3,1
523913413,93,44,49,47
523913414,64,30,34,32
523913422,42,22,20,19
523913431,81,37,44,34
523920002,25,11,14,10
523920051,77,39,38,23
523920054,183,87,96,66
523920141,5,4,1,1
523920151,79,40,39,23
523920152,504,232,272,155
523920154,91,44,47,35
523920161,89,43,46,34
523920244,10,7,3,5
523920351,36,17,19,20
523920352,76,35,41,40
523920362,117,61,56,35
523920371,261,117,144,105
523920374,91,41,50,55
523920451,3,1,2,2
523920462,90,41,49,43
523920464,45,19,26,20
523920471,35,14,21,15
523920472,136,62,74,55
523920474,222,107,115,86
523920481,351,172,179,104
523920483,675,326,349,266
523920484,168,79,89,62
523920493,358,102,256,77
523920532,3,1,2,2
523920533,21,6,15,12
523920572,165,75,90,53
523920574,30,16,14,12
523920581,902,430,472,356
523920582,297,137,160,118
523920583,46,23,23,20
523920584,47,22,25,19
523920593,306,142,164,125
523920594,200,98,102,89
523920624,9,5,4,5
523920674,61,21,40,26
523920681,90,42,48,41
523920682,183,77,106,82
523920683,227,105,122,107
523920684,173,83,90,83
523920691,65,31,34,22
523920692,42,20,22,19
523920693,123,57,66,50
523920694,111,45,66,48
523920721,55,29,26,53
523920722,10,5,5,5
523920753,6,3,3,2
523920762,468,228,240,133
523920764,121,57,64,32
523920771,148,83,65,61
523920772,269,128,141,104
523920781,118,48,70,49
523920782,214,99,115,97
523920783,281,140,141,125
523920784,9,3,6,4
523920791,131,67,64,45
523920793,80,35,45,34
523920794,6,4,2,4
523920814,2,2,0,2
523920831,10,4,6,5
523920833,12,5,7,4
523920881,122,58,64,63
523920882,94,40,54,47
523920883,18,8,10,7
523920884,127,59,68,64
523920891,190,97,93,82
523920892,7,4,3,3
523920893,258,117,141,111
523920894,73,39,34,27
523920964,17,8,9,6
523920981,29,12,17,15
523920982,155,74,81,68
523920983,102,42,60,45
523920984,123,51,72,62
523920992,106,52,54,42
523921503,68,31,37,28
523921603,259,117,142,115
523921701,75,37,38,22
523921702,180,87,93,57
523921703,133,58,75,37
523921704,26,11,15,7
523921801,182,82,100,69
523921802,35,18,17,9
523921803,138,67,71,47
523921804,849,381,468,252
523921813,78,40,38,21
523921901,46,20,26,20
523921902,290,137,153,109
523921903,268,128,140,90
523921904,50,11,39,1
523926873,228,96,132,84
523926874,102,52,50,38
523926894,475,207,268,169
523926954,136,61,75,48
523926963,52,23,29,18
523926971,102,50,52,39
523926972,129,53,76,49
523926981,154,72,82,56
523926982,108,52,56,36
523926991,117,54,63,34
523926992,180,76,104,70
523926994,243,116,127,88
523927802,43,21,22,22
523927803,108,49,59,34
523927804,480,226,254,166
523927811,148,72,76,58
523927813,390,167,223,167
523927814,543,249,294,192
523927823,310,145,165,125
523927824,167,69,98,64
523927901,144,60,84,48
523927902,42,19,23,15
523927903,37,18,19,14
523927911,66,32,34,27
523927912,253,116,137,99
523927921,453,214,239,155
523927922,246,104,142,77
523927931,364,154,210,123
523927932,239,113,126,85
523927933,74,34,40,21
523927934,98,45,53,36
523927941,87,43,44,29
523927943,57,24,33,19
523930003,259,133,126,58
523930014,254,162,92,42
523930023,16,8,8,5
523930071,172,84,88,48
523930073,47,23,24,15
523930074,406,203,203,148
523930083,207,99,108,85
523930084,70,27,43,19
523930092,38,19,19,12
523930093,113,52,61,45
523930103,341,174,167,87
523930113,161,61,100,149
523930171,39,19,20,14
523930172,552,261,291,177
523930173,486,230,256,166
523930174,810,393,417,239
523930182,37,17,20,15
523930183,50,16,34,1
523930184,35,16,19,14
523930192,19,9,10,7
523930193,153,74,79,50
523930194,542,255,287,178
523930251,32,16,16,10
523930261,133,76,57,44
523930262,234,124,110,97
523930264,743,359,384,232
523930271,601,279,322,201
523930272,48,21,27,17
523930273,560,278,282,184
523930274,772,379,393,268
523930283,11,6,5,4
523930291,261,139,122,94
523930292,372,180,192,157
523930293,457,237,220,172
523930294,457,219,238,166
523930304,64,24,40,37
523930313,118,58,60,30
523930321,176,93,83,39
523930323,200,100,100,54
523930324,70,36,34,19
523930361,83,38,45,35
523930362,138,59,79,58
523930363,274,117,157,102
523930364,39,15,24,16
523930371,586,290,296,185
523930372,347,163,184,125
523930373,157,79,78,61
523930374,9,5,4,3
523930381,65,32,33,26
523930382,170,94,76,44
523930383,56,28,28,23
523930384,154,73,81,50
523930391,143,69,74,64
523930392,174,83,91,63
523930393,600,298,302,198
523930394,1394,659,735,489
523930402,109,55,54,31
523930403,14,7,7,5
523930404,15,8,7,5
523930413,17,8,9,5
523930422,213,98,115,49
523930453,13,5,8,5
523930454,61,25,36,34
523930462,462,222,240,192
523930463,106,56,50,43
523930464,1144,524,620,483
523930471,622,308,314,230
523930472,270,135,135,97
523930473,1337,644,693,622
523930474,350,159,191,141
523930481,202,108,94,73
523930482,1457,720,737,537
523930483,465,227,238,163
523930484,700,327,373,270
523930491,891,438,453,325
523930492,733,344,389,271
523930493,682,331,351,252
523930494,351,161,190,116
523930501,17,7,10,5
523930502,17,7,10,4
523930503,228,99,129,53
523930511,16,7,9,4
523930561,96,44,52,37
523930562,427,209,218,172
523930563,17,8,9,10
523930564,54,22,32,36
523930571,941,433,508,454
523930572,425,194,231,173
523930573,1335,573,762,641
523930574,1945,912,1033,821
523930581,580,279,301,220
523930582,43,19,24,17
523930583,1747,822,925,703
523930584,292,140,152,92
523930591,874,410,464,296
523930592,33,15,18,9
523930593,13,6,7,6
523930632,2,1,1,1
523930661,14,8,6,7
523930662,230,107,123,117
523930664,136,61,75,60
523930671,1792,769,1023,830
523930672,1868,837,1031,856
523930673,1687,724,963,754
523930674,2152,933,1219,909
523930681,2018,901,1117,778
523930682,947,458,489,309
523930683,136,65,71,56
523930684,254,119,135,82
523930691,25,9,16,9
523930693,179,80,99,54
523930694,54,27,27,22
523930713,1,1,0,1
523930724,23,12,11,12
523930744,63,36,27,15
523930762,103,53,50,49
523930764,397,201,196,159
523930771,1114,507,607,494
523930772,352,152,200,136
523930773,156,76,80,71
523930864,50,26,24,19
523930871,106,54,52,38
523930873,88,36,52,62
523930942,217,108,109,102
523930962,54,27,27,25
523930963,31,18,13,9
523930964,219,105,114,67
523931003,135,73,62,50
523931004,122,58,64,33
523931013,172,82,90,55
523931102,38,17,21,9
523931103,73,32,41,28
523931111,6,2,4,4
523931301,221,111,110,86
523931302,40,18,22,14
523931303,959,454,505,340
523931304,454,217,237,145
523931311,124,62,62,57
523931401,796,370,426,280
523931402,721,342,379,209
523936052,128,60,68,48
523936054,29,15,14,13
523936061,441,194,247,158
523936063,495,229,266,173
523936064,181,85,96,60
523936073,70,34,36,24
523936083,73,37,36,22
523936084,49,20,29,15
523936161,239,111,128,85
523936162,209,92,117,65
523936164,99,49,50,31
523936171,173,85,88,47
523936172,126,68,58,24
523936173,236,108,128,67
523936174,54,30,24,2
523936182,150,65,85,44
523936191,70,33,37,20
523936193,191,95,96,56
523936194,66,30,36,20
523936262,92,39,53,32
523936271,225,110,115,77
523936273,77,36,41,24
523936282,99,47,52,23
523936294,201,97,104,57
523936352,40,16,24,15
523936362,124,56,68,32
523936363,136,60,76,48
523936364,197,98,99,56
523936371,141,69,72,51
523936381,196,96,100,57
523936392,23,11,12,11
523936394,42,20,22,15
523936414,278,126,152,89
523936424,65,28,37,21
523936433,64,27,37,22
523936434,133,63,70,30
523936452,166,82,84,47
523936453,44,18,26,14
523936461,46,29,17,11
523936462,46,24,22,7
523936463,89,42,47,23
523936471,133,63,70,47
523936473,109,50,59,36
523936474,76,35,41,21
523936502,122,51,71,38
523936504,146,71,75,50
523936522,57,30,27,18
523936532,58,25,33,21
523936584,29,14,15,10
523936591,106,54,52,30
523936594,124,55,69,33
523936602,115,50,65,29
523936603,112,55,57,33
523936604,110,53,57,32
523936614,62,24,38,20
523936623,134,67,67,52
523936624,184,83,101,67
523936631,90,43,47,34
523936633,73,33,40,24
523936634,232,112,120,89
523936641,229,106,123,80
523936642,30,15,15,11
523936643,40,21,19,15
523936654,91,47,44,33
523936684,187,83,104,67
523936691,31,14,17,10
523936692,80,34,46,29
523936693,75,32,43,26
523936694,204,100,104,69
523936702,74,34,40,25
523936712,152,75,77,59
523936722,60,26,34,19
523936741,86,39,47,26
523936742,118,50,68,45
523936751,131,63,68,44
523936752,108,48,60,43
523936753,26,11,15,8
523936761,399,158,241,156
523936762,260,134,126,104
523936763,533,292,241,188
523936764,672,319,353,251
523936771,192,95,97,66
523936772,107,52,55,38
523936773,556,263,293,226
523936774,982,476,506,376
523936781,191,90,101,63
523936782,560,275,285,199
523936783,592,273,319,216
523936784,791,394,397,298
523936791,551,270,281,196
523936792,206,92,114,69
523936793,985,483,502,365
523936794,526,249,277,186
523936861,391,200,191,145
523936862,93,42,51,35
523936871,728,508,220,141
523936872,430,212,218,186
523936881,1167,540,627,357
523936882,1451,666,785,569
523936883,215,103,112,85
523936884,1146,520,626,455
523936891,1225,582,643,475
523936892,866,427,439,364
523936893,1165,516,649,477
523936894,567,261,306,241
523936982,572,254,318,259
523936984,319,153,166,133
523936991,1054,487,567,439
523936992,358,165,193,130
523936993,947,443,504,400
523936994,532,259,273,205
523937002,30,15,15,9
523937013,30,15,15,8
523937044,55,26,29,15
523937053,609,276,333,182
523937151,154,72,82,48
523937152,325,151,174,97
523937153,24,11,13,6
523937154,547,249,298,160
523937163,19,7,12,5
523937222,125,61,64,38
523937224,39,21,18,13
523937251,24,10,14,9
523937252,119,59,60,37
523937261,355,165,190,113
523937262,128,58,70,40
523937263,102,50,52,30
523937301,25,12,13,11
523937302,25,11,14,11
523937362,463,217,246,128
523937363,32,16,16,8
523937364,398,189,209,122
523937371,14,6,8,4
523937373,201,96,105,60
523937443,30,13,17,8
523937453,31,13,18,8
523937454,106,47,59,34
523937462,646,301,345,205
523937464,580,268,312,192
523937471,287,137,150,93
523937473,249,112,137,85
523937501,44,20,24,15
523937502,45,22,23,14
523937503,94,42,52,28
523937511,42,22,20,11
523937552,128,65,63,36
523937561,238,105,133,77
523937562,1216,571,645,387
523937563,421,204,217,146
523937564,452,214,238,154
523937571,68,28,40,21
523937603,254,121,133,78
523937604,80,39,41,23
523937611,79,37,42,22
523937613,101,47,54,27
523937622,56,32,24,19
523937633,88,46,42,28
523937644,48,24,24,14
523937661,277,134,143,84
523937662,264,132,132,94
523937663,289,142,147,87
523937664,129,58,71,56
523937701,95,43,52,27
523937702,70,32,38,27
523937712,251,125,126,77
523937713,74,32,42,22
523937724,63,32,31,19
523937741,200,101,99,59
523937744,93,47,46,22
523937751,50,24,26,14
523937752,42,21,21,17
523937753,53,25,28,14
523937754,93,44,49,39
523937761,587,286,301,222
523937762,273,129,144,98
523937763,454,213,241,141
523937764,183,86,97,68
523937771,208,105,103,70
523937773,90,38,52,32
523937801,309,145,164,106
523937802,122,56,66,31
523937803,373,174,199,136
523937804,104,45,59,36
523937813,139,66,73,44
523937814,267,123,144,69
523937821,41,40,1,40
523937833,93,45,48,29
523937841,55,26,29,17
523937852,216,98,118,62
523937853,88,42,46,26
523937854,65,28,37,23
523937861,203,98,105,56
523937862,122,61,61,37
523937864,103,47,56,38
523937871,378,187,191,104
523937872,142,65,77,46
523937873,438,204,234,121
523937874,113,48,65,28
523937901,254,119,135,88
523937902,206,127,79,101
523937903,414,194,220,157
523937904,17,8,9,7
523937911,124,66,58,36
523937913,354,167,187,118
523937922,79,38,41,27
523937923,62,28,34,21
523937924,211,98,113,75
523937931,91,42,49,25
523937933,205,99,106,70
523937934,148,81,67,48
523937953,63,34,29,18
523937961,119,64,55,31
523937963,45,24,21,14
523937971,146,66,80,40
523937973,61,31,30,19
523937974,136,71,65,44
523940001,271,225,46,54
523940041,25,12,13,12
523940042,26,11,15,12
523940051,151,68,83,61
523940052,826,405,421,279
523940054,364,171,193,130
523940061,1388,675,713,504
523940062,425,199,226,155
523940063,1973,944,1029,809
523940064,1191,545,646,424
523940073,166,89,77,48
523940104,224,108,116,57
523940112,45,24,21,17
523940123,46,24,22,17
523940142,27,12,15,11
523940151,29,12,17,9
523940152,51,21,30,15
523940153,31,12,19,9
523940154,158,70,88,56
523940161,1210,588,622,451
523940162,661,310,351,219
523940163,1095,527,568,377
523940164,192,96,96,70
523940171,441,199,242,125
523940172,30,15,15,15
523940173,107,43,64,35
523940174,36,14,22,10
523940204,265,143,122,61
523940233,49,25,24,17
523940242,37,18,19,11
523940261,188,84,104,61
523940302,231,109,122,59
523940311,159,83,76,42
523940323,1,1,0,1
523940444,33,16,17,15
523940453,236,110,126,73
523940461,189,99,90,66
523940463,475,229,246,168
523940464,146,67,79,59
523940472,97,43,54,67
523940473,45,17,28,21
523940474,40,13,27,32
523940503,9,4,5,3
523940542,61,29,32,24
523940551,721,357,364,268
523940552,636,299,337,229
523940553,759,370,389,250
523940554,1105,521,584,363
523940561,484,229,255,195
523940562,1089,500,589,405
523940563,81,33,48,27
523940564,51,22,29,21
523940571,213,99,114,77
523940572,113,54,59,51
523940573,1734,814,920,588
523940574,122,56,66,52
523940611,24,18,6,24
523940621,30,22,8,23
523940651,407,198,209,133
523940652,441,214,227,137
523940653,248,124,124,90
523940654,82,39,43,30
523940734,2,1,1,1
523940751,183,94,89,66
523940752,1363,648,715,481
523940753,549,278,271,200
523940754,700,329,371,277
523940763,76,28,48,52
523940804,7,4,3,4
523940843,103,48,55,48
523940844,100,45,55,47
523940851,289,143,146,96
523940861,33,20,13,33
523940911,40,19,21,19
523940913,156,70,86,80
523940934,7,1,6,4
523940942,36,17,19,16
523940944,5,3,2,2
523940953,48,23,25,22
523940954,65,34,31,54
523941434,286,161,125,175
523946082,810,381,429,341
523946084,141,69,72,71
523946091,839,385,454,323
523946092,239,109,130,88
523946093,599,288,311,209
523946094,181,79,102,70
523946182,74,37,37,26
523946184,354,162,192,135
523946191,641,288,353,182
523946192,474,230,244,168
523946193,158,79,79,47
523946194,169,83,86,54
523946273,47,22,25,19
523946274,93,49,44,32
523946281,70,37,33,21
523946282,548,262,286,194
523946283,500,249,251,170
523946284,923,436,487,341
523946291,176,85,91,67
523946292,261,124,137,74
523946293,464,223,241,159
523946294,299,146,153,93
523946364,84,40,44,34
523946371,1087,497,590,378
523946372,974,445,529,324
523946373,430,214,216,136
523946374,300,145,155,108
523946381,847,408,439,304
523946382,122,57,65,42
523946383,357,172,185,117
523946391,74,37,37,24
523946392,311,151,160,91
523946394,155,73,82,50
523946461,644,318,326,193
523946462,200,105,95,43
523946463,371,172,199,121
523946464,409,185,224,139
523946471,71,35,36,25
523946472,69,34,35,24
523946474,70,34,36,24
523946481,88,43,45,25
523946483,81,40,41,24
523946484,83,40,43,24
523946493,27,12,15,8
523946494,29,12,17,8
523946561,27,12,15,8
523946562,899,422,477,282
523946564,208,97,111,60
523946571,372,183,189,114
523946572,126,65,61,40
523946582,39,20,19,12
523946583,41,21,20,12
523946584,42,22,20,12
523946661,110,57,53,36
523946662,459,217,242,136
523946663,170,77,93,56
523946681,66,33,33,20
523946682,66,31,35,20
523946684,34,16,18,10
523946694,39,19,20,11
523946752,68,32,36,19
523946754,66,30,36,18
523946761,361,166,195,108
523946763,193,82,111,59
523946781,55,27,28,15
523946783,49,24,25,14
523946784,48,23,25,14
523946791,32,15,17,9
523946793,34,16,18,9
523946794,35,16,19,9
523946852,110,50,60,30
523946891,51,23,28,14
523946962,108,58,50,36
523946971,118,57,61,43
523946973,98,43,55,35
523947001,184,88,96,58
523947002,59,27,32,21
523947003,508,253,255,165
523947004,37,17,20,11
523947011,155,74,81,54
523947012,192,89,103,67
523947013,119,66,53,43
523947014,234,108,126,79
523947021,92,45,47,32
523947023,171,80,91,51
523947031,302,133,169,94
523947032,114,51,63,39
523947033,169,79,90,61
523947034,20,9,11,5
523947042,81,39,42,27
523947043,153,80,73,43
523947044,119,56,63,30
523947062,92,44,48,28
523947071,70,32,38,27
523947072,238,115,123,64
523947074,335,158,177,103
523947102,259,128,131,92
523947112,179,92,87,52
523947113,606,293,313,178
523947114,193,99,94,57
523947124,116,62,54,35
523947131,97,47,50,24
523947132,56,29,27,16
523947134,28,13,15,7
523947152,176,89,87,52
523947153,68,35,33,17
523947161,108,54,54,29
523947163,52,24,28,15
523947173,311,150,161,94
523947201,171,73,98,54
523947202,192,96,96,57
523947203,109,50,59,37
523947204,213,101,112,62
523947211,15,7,8,5
523947213,96,39,57,29
523947214,297,173,124,7
523947222,40,19,21,13
523947223,121,62,59,32
523947231,41,20,21,13
523947233,189,99,90,49
523947234,88,41,47,26
523947241,30,14,16,7
523947252,161,73,88,50
523947254,74,28,46,21
523947261,336,165,171,96
523947262,123,62,61,36
523947264,97,48,49,31
523947271,43,21,22,13
523947272,36,18,18,13
523947281,256,122,134,88
523947283,145,70,75,37
523947284,399,192,207,128
523947293,122,64,58,39
523947311,55,28,27,16
523947312,236,109,127,55
523947313,55,25,30,1
523947321,98,44,54,24
523947331,29,15,14,11
523947332,64,32,32,22
523947334,34,17,17,11
523947341,98,51,47,29
523947351,45,22,23,12
523947352,173,81,92,48
523947353,97,44,53,27
523947354,144,75,69,35
523947361,156,74,82,47
523947363,72,32,40,21
523947371,163,80,83,44
523947374,168,88,80,41
523947383,97,45,52,26
523947384,91,43,48,26
523947391,217,111,106,68
523947392,77,37,40,27
523947394,130,60,70,43
523947402,57,28,29,16
523947403,21,10,11,6
523947404,58,28,30,16
523947411,59,29,30,16
523947412,45,18,27,16
523947413,117,54,63,31
523947422,35,18,17,11
523947423,187,86,101,50
523947424,37,19,18,11
523947432,118,55,63,33
523947433,39,20,19,11
523947434,28,12,16,8
523947444,52,24,28,15
523947462,77,36,41,22
523947463,97,47,50,26
523947474,149,66,83,44
523947493,94,43,51,24
523947494,120,61,59,34
523947512,225,109,116,60
523947532,31,13,18,8
523947541,125,56,69,40
523947542,46,21,25,12
523947551,17,7,10,4
523947561,160,82,78,47
523947562,194,90,104,53
523947564,151,73,78,45
523947571,32,15,17,8
523947573,32,15,17,8
523947591,309,147,162,87
523947592,61,30,31,16
523947612,185,92,93,49
523947614,142,65,77,40
523947644,18,8,10,4
523947651,29,14,15,9
523947652,64,28,36,14
523947654,58,28,30,18
523947661,175,86,89,51
523947674,63,29,34,16
523947682,78,42,36,22
523947684,84,44,40,23
523947691,163,83,80,46
523947712,141,66,75,37
523947721,49,26,23,14
523947723,60,31,29,18
523947724,59,32,27,18
523947734,24,13,11,10
523947754,33,15,18,9
523947761,18,9,9,7
523947762,77,43,34,27
523947764,44,22,22,14
523947771,57,23,34,17
523947773,17,7,10,7
523947784,32,14,18,8
523947792,95,48,47,31
523947812,83,44,39,18
523947823,15,7,8,5
523947831,26,14,12,10
523947833,57,30,27,18
523947841,38,18,20,10
523947842,28,12,16,9
523947852,30,14,16,8
523947862,36,17,19,10
523947863,49,22,27,16
523947893,12,7,5,3
523947894,31,16,15,8
523947912,62,32,30,21
523947923,67,34,33,21
523947961,25,12,13,7
523947963,24,11,13,7
523947972,39,18,21,10
523947974,36,16,20,9
523947992,84,40,44,25
523947994,15,7,8,5
523950001,134,57,77,69
523950004,77,35,42,34
523950011,132,59,73,67
523950013,163,68,95,53
523950032,925,426,499,351
523950034,462,220,242,174
523950041,269,121,148,113
523950042,995,447,548,455
523950043,195,85,110,81
523950044,22,11,11,11
523950051,1154,532,622,488
523950052,267,131,136,123
523950053,1773,774,999,855
523950054,2008,899,1109,1066
523950062,58,33,25,54
523950063,61,25,36,35
523950104,166,88,78,38
523950111,79,23,56,2
523950114,369,190,179,79
523950134,44,18,26,17
523950142,8,3,5,6
523950143,22,11,11,8
523950144,477,185,292,275
523950151,818,340,478,428
523950152,3430,1446,1984,1677
523950153,1198,524,674,547
523950154,1985,863,1122,900
523950161,85,24,61,43
523950163,430,203,227,272
523950201,173,78,95,42
523950211,262,132,130,50
523950232,91,27,64,69
523950233,123,59,64,50
523950234,334,150,184,108
523950241,349,148,201,178
523950242,346,127,219,207
523950243,250,89,161,71
523950244,311,143,168,164
523950251,520,229,291,249
523950252,493,212,281,303
523950253,849,360,489,397
523950254,184,74,110,85
523950261,1122,499,623,636
523950262,136,57,79,113
523950263,862,368,494,509
523950264,448,198,250,245
523950331,582,270,312,269
523950332,82,34,48,43
523950342,62,30,32,22
523950344,13,8,5,12
523950351,1084,496,588,392
523950352,52,20,32,4
523950353,15,8,7,12
523950361,175,78,97,61
523950362,793,332,461,404
523950363,527,254,273,201
523950364,1083,477,606,471
523950371,29,14,15,21
523950373,249,95,154,155
523950403,148,73,75,37
523950411,197,99,98,42
523950451,176,87,89,67
523950454,57,32,25,20
523950461,50,20,30,24
523950462,126,40,86,11
523950463,942,442,500,351
523950464,232,87,145,152
523950471,70,34,36,32
523950472,82,42,40,43
523950473,8,5,3,3
523950474,22,10,12,9
523950511,212,101,111,45
523950561,69,28,41,27
523950562,37,19,18,30
523950573,2,1,1,2
523950581,45,24,21,18
523950584,69,29,40,34
523950604,13,6,7,4
523950642,52,12,40,46
523950644,60,28,32,15
523950653,41,19,22,12
523950654,81,38,43,28
523950661,554,253,301,212
523950664,597,274,323,234
523950673,413,185,228,178
523950674,830,343,487,365
523950683,350,162,188,141
523950684,5,2,3,2
523950751,121,54,67,55
523950752,360,165,195,183
523950753,315,147,168,121
523950754,496,229,267,212
523950761,1029,435,594,441
523950762,929,390,539,397
523950763,216,103,113,87
523950764,63,32,31,23
523950771,474,201,273,195
523950772,1875,875,1000,736
523950773,188,86,102,67
523950774,161,77,84,60
523950781,2518,1177,1341,1082
523950782,2234,1055,1179,861
523950783,947,448,499,379
523950784,1921,917,1004,728
523950791,113,51,62,46
523950793,1264,578,686,489
523950794,178,81,97,60
523950851,8,3,5,8
523950852,234,112,122,94
523950861,101,43,58,44
523950872,171,82,89,50
523950881,90,43,47,29
523950882,1452,663,789,436
523950884,1168,559,609,351
523950891,1225,533,692,386
523950892,925,419,506,304
523950893,424,137,287,260
523950894,595,291,304,196
523950903,37,16,21,10
523950942,253,107,146,168
523950944,61,28,33,25
523950974,22,11,11,8
523950981,762,363,399,258
523950982,670,310,360,192
523950983,176,83,93,51
523950984,65,30,35,19
523950991,577,277,300,176
523950992,482,246,236,156
523950993,59,21,38,3
523951703,70,33,37,23
523951713,268,124,144,104
523951801,1298,616,682,432
523951802,194,89,105,64
523951803,1093,508,585,363
523951804,1754,838,916,582
523951811,1197,585,612,390
523951812,277,146,131,104
523951813,1652,786,866,564
523951814,90,41,49,27
523951901,1028,499,529,337
523951902,925,441,484,332
523951904,134,69,65,42
523951911,1003,471,532,331
523951913,291,134,157,90
523954691,583,291,292,183
523954692,138,66,72,46
523954693,365,180,185,149
523954694,1485,700,785,522
523954782,34,21,13,15
523954791,2170,1065,1105,763
523954792,1841,899,942,670
523954793,780,397,383,260
523954794,2544,1269,1275,881
523954882,163,82,81,43
523954884,28,14,14,8
523954891,675,269,406,188
523954892,1007,471,536,318
523954893,30,14,16,7
523954894,246,118,128,98
523954992,783,377,406,263
523954994,30,16,14,9
523955601,33,18,15,14
523955603,724,354,370,238
523955604,39,21,18,12
523955701,1929,962,967,660
523955702,776,397,379,230
523955703,2164,1069,1095,741
523955704,621,296,325,197
523955711,8,4,4,3
523955712,149,72,77,32
523955714,122,57,65,30
523955721,217,104,113,39
523955723,104,60,44,23
523955731,51,29,22,14
523955732,162,83,79,39
523955733,422,216,206,112
523955734,419,215,204,109
523955741,131,72,59,33
523955743,225,111,114,49
523955801,1301,631,670,449
523955802,340,166,174,107
523955803,711,349,362,228
523955804,1412,704,708,412
523955813,206,98,108,67
523955822,74,32,42,15
523955831,177,83,94,45
523955832,361,170,191,88
523955833,374,183,191,104
523955834,113,58,55,28
523955901,800,404,396,262
523955902,722,360,362,215
523955903,14,7,7,4
523955904,16,8,8,4
523955911,1032,491,541,314
523955913,59,29,30,19
523955914,44,21,23,17
523955921,69,38,31,20
523955922,348,172,176,104
523955923,181,92,89,48
523955924,383,199,184,112
523956071,59,29,30,16
523956072,531,246,285,171
523956073,119,59,60,33
523956074,630,304,326,188
523956081,25,14,11,7
523956083,337,165,172,109
523956084,173,107,66,82
523956094,227,108,119,66
523956171,321,156,165,89
523956172,361,164,197,111
523956173,42,20,22,13
523956174,89,48,41,33
523956181,426,199,227,140
523956182,64,33,31,25
523956191,189,91,98,56
523956261,354,166,188,123
523956263,41,23,18,14
523956264,244,121,123,82
523956271,65,29,36,22
523956273,42,24,18,8
523956274,168,76,92,46
523956282,105,48,57,37
523956291,109,51,58,28
523956294,224,108,116,70
523956354,10,5,5,4
523956361,933,462,471,299
523956362,561,266,295,171
523956363,783,378,405,269
523956364,351,165,186,112
523956371,403,209,194,133
523956372,290,145,145,98
523956373,86,38,48,24
523956374,126,55,71,40
523956382,31,14,17,9
523956461,438,218,220,123
523956462,456,212,244,139
523956464,111,50,61,37
523956473,132,69,63,39
523956482,182,93,89,52
523956492,112,58,54,35
523956493,121,64,57,32
523956564,32,13,19,10
523956571,109,53,56,31
523956573,265,124,141,81
523956593,48,26,22,15
523956662,120,52,68,36
523956664,377,178,199,134
523956671,490,235,255,149
523956673,681,307,374,232
523956674,234,109,125,76
523956681,43,22,21,14
523956762,199,94,105,68
523956764,251,116,135,74
523956771,456,212,244,150
523956772,109,49,60,31
523956781,178,81,97,51
523956791,57,26,31,19
523956792,52,26,26,16
523956952,103,53,50,34
523956954,897,438,459,282
523956963,4,3,1,3
523956964,7,4,3,3
523957012,58,30,28,17
523957014,29,14,15,8
523957021,154,76,78,46
523957023,129,62,67,40
523957074,91,51,40,26
523957081,34,18,16,12
523957094,39,24,15,16
523957111,30,15,15,8
523957112,42,23,19,12
523957114,93,49,44,24
523957122,88,44,44,26
523957123,40,20,20,12
523957131,92,42,50,27
523957133,188,94,94,69
523957134,63,28,35,20
523957153,61,31,30,17
523957163,85,39,46,22
523957172,41,20,21,16
523957174,22,10,12,8
523957182,25,15,10,10
523957183,34,18,16,12
523957184,51,29,22,20
523957192,13,6,7,4
523957202,41,21,20,12
523957212,63,30,33,17
523957214,119,58,61,33
523957223,55,26,29,16
523957242,141,70,71,36
523957243,38,19,19,13
523957251,60,29,31,16
523957252,90,40,50,22
523957281,24,11,13,8
523957282,35,19,16,12
523957292,28,16,12,10
523957293,23,13,10,9
523957294,24,11,13,7
523957342,37,19,18,13
523957343,39,19,20,13
523957353,56,30,26,17
523957384,97,91,6,2
523957401,291,141,150,82
523957402,144,70,74,43
523957411,166,84,82,46
523957423,132,68,64,48
523957452,102,54,48,32
523957464,22,12,10,8
523957472,25,13,12,10
523957474,25,13,12,10
523957484,70,37,33,20
523957562,24,13,11,8
523957564,53,27,26,16
523957571,57,27,30,20
523957574,89,46,43,28
523957592,59,30,29,16
523957621,162,77,85,50
523957642,89,42,47,23
523957652,46,21,25,11
523957661,109,52,57,32
523957663,41,22,19,14
523957674,109,48,61,34
523957681,68,32,36,19
523957682,115,62,53,38
523957684,143,68,75,46
523957691,147,52,95,6
523957692,196,101,95,60
523957693,146,70,76,51
523957694,151,68,83,41
523957701,129,62,67,41
523957702,120,56,64,33
523957703,55,27,28,16
523957723,69,34,35,21
523957731,35,18,17,12
523957741,20,9,11,6
523957742,83,42,41,27
523957761,63,29,34,21
523957762,61,27,34,21
523957764,52,24,28,20
523957771,151,75,76,52
523957772,59,28,31,21
523957781,88,44,44,28
523957811,62,28,34,16
523957831,66,35,31,24
523957842,21,10,11,6
523957852,29,13,16,10
523957864,64,32,32,22
523957902,7,4,3,4
523957911,10,5,5,6
523957954,33,15,18,11
523957964,60,38,22,1
523960004,39,16,23,10
523960011,33,20,13,21
523960082,25,13,12,10
523960103,16,7,9,9
523960214,337,161,176,144
523960223,295,147,148,119
523960323,27,14,13,14
523960412,98,54,44,73
523960414,9,4,5,5
523960421,136,64,72,46
523960422,107,52,55,43
523960423,120,56,64,54
523960424,190,105,85,115
523960433,10,4,6,5
523960504,87,51,36,87
523960513,87,51,36,87
523960522,157,74,83,75
523960531,14,6,8,3
523960542,103,48,55,27
523960553,82,45,37,22
523960631,34,12,22,9
523960633,124,57,67,80
523960652,41,25,16,14
523960664,83,35,48,59
523960673,58,24,34,55
523960732,106,52,54,56
523960734,27,12,15,16
523960743,74,30,44,12
523960771,196,94,102,176
523960772,421,164,257,229
523960773,91,36,55,65
523960774,245,100,145,137
523960781,213,95,118,100
523960783,836,368,468,407
523960784,1007,437,570,510
523960793,95,44,51,38
523960803,113,49,64,59
523960832,48,22,26,22
523960833,44,23,21,21
523960834,226,110,116,112
523960841,3,2,1,2
523960843,190,90,100,64
523960852,156,73,83,62
523960854,210,91,119,77
523960861,245,111,134,88
523960863,22,6,16,11
523960872,73,37,36,45
523960881,63,30,33,22
523960882,129,52,77,62
523960891,673,326,347,254
523960892,30,13,17,12
523960893,193,90,103,75
523960894,569,259,310,218
523960901,67,35,32,45
523960902,24,9,15,14
523960903,82,40,42,38
523960904,13,7,6,10
523960912,14,7,7,10
523960923,69,29,40,31
523960924,116,56,60,54
523960932,894,428,466,603
523960933,276,133,143,192
523960934,283,126,157,157
523960941,242,121,121,112
523960942,420,188,232,201
523960943,200,93,107,112
523960951,138,62,76,81
523960982,2,1,1,2
523960991,281,71,210,23
523960992,543,245,298,205
523960994,15,7,8,6
523961002,346,175,171,106
523961003,149,72,77,44
523961004,258,132,126,77
523961011,358,184,174,125
523961201,65,28,37,16
523961204,314,163,151,77
523961302,149,70,79,41
523961304,96,38,58,27
523961401,20,10,10,10
523961402,350,164,186,96
523961411,161,78,83,49
523961413,174,85,89,51
523961513,379,178,201,99
523961611,113,56,57,27
523961613,73,37,36,16
523961711,266,126,140,66
523961801,15,4,11,10
523961811,343,169,174,100
523961812,455,220,235,149
523961813,275,92,183,50
523961814,979,453,526,346
523961823,37,20,17,15
523961901,587,284,303,216
523961902,747,371,376,286
523961903,643,326,317,161
523961904,447,213,234,159
523961911,1417,697,720,544
523961912,1657,787,870,642
523961913,1193,562,631,414
523961914,1377,640,737,484
523961921,1499,700,799,542
523961922,413,204,209,158
523961923,1323,616,707,441
523961924,2080,921,1159,731
523961933,397,188,209,141
523964092,208,98,110,42
523964094,325,161,164,74
523964192,291,131,160,65
523964193,24,13,11,9
523964194,48,25,23,16
523964291,25,13,12,9
523964292,918,456,462,242
523964293,75,38,37,19
523964294,215,105,110,67
523964381,87,43,44,27
523964382,23,11,12,6
523964383,233,114,119,64
523964384,542,269,273,157
523964391,137,68,69,36
523964392,381,190,191,113
523964393,143,70,73,40
523964394,94,47,47,30
523964481,301,149,152,89
523964482,876,420,456,269
523964483,20,15,5,12
523964484,972,480,492,325
523964491,322,158,164,98
523964492,333,160,173,104
523964493,1886,919,967,584
523964494,1501,753,748,483
523964582,356,181,175,127
523964591,496,245,251,157
523964592,56,55,1,2
523964683,183,94,89,55
523964684,688,353,335,201
523964691,28,14,14,9
523964693,477,236,241,139
523964694,71,45,26,34
523964781,66,35,31,25
523964782,182,91,91,54
523964783,372,191,181,119
523964784,282,143,139,96
523964791,139,73,66,43
523964792,1234,634,600,388
523964793,511,262,249,184
523964794,420,203,217,126
523964872,1,1,0,1
523964874,70,33,37,30
523964881,1116,539,577,368
523964882,1206,601,605,401
523964883,574,269,305,185
523964884,206,105,101,67
523964891,593,293,300,184
523964892,110,58,52,26
523964971,50,27,23,16
523964972,219,108,111,70
523964973,325,168,157,112
523964974,204,106,98,61
523964984,79,37,42,22
523965002,136,69,67,45
523965004,233,116,117,76
523965011,444,217,227,145
523965013,228,107,121,74
523965014,130,65,65,41
523965021,97,52,45,20
523965022,399,199,200,107
523965023,116,61,55,36
523965102,521,256,265,146
523965103,223,114,109,60
523965104,825,414,411,231
523965111,658,321,337,190
523965112,207,106,101,57
523965113,1019,528,491,293
523965114,535,263,272,165
523965121,693,345,348,200
523965123,638,302,336,203
523965201,1054,526,528,319
523965202,111,57,54,30
523965203,228,111,117,69
523965204,119,31,88,7
523965211,199,103,96,49
523965212,1756,856,900,592
523965214,544,270,274,183
523965221,1418,716,702,480
523965222,73,43,30,32
523965223,3284,1653,1631,1131
523965224,968,470,498,308
523965233,17,7,10,6
523965301,938,466,472,290
523965303,630,328,302,199
523965304,118,63,55,33
523965311,75,41,34,19
523965312,141,84,57,44
523965313,138,71,67,34
523965314,83,43,40,21
523965321,636,319,317,204
523965322,1102,538,564,349
523965324,138,68,70,53
523965331,799,391,408,261
523965333,1747,861,886,615
523965334,1481,748,733,499
523965401,342,177,165,105
523965402,18,10,8,5
523965403,975,471,504,292
523965404,43,21,22,13
523965411,248,127,121,67
523965412,264,119,145,2
523965414,112,54,58,32
523965422,113,56,57,35
523965423,138,66,72,39
523965424,96,48,48,27
523965431,892,458,434,311
523965432,2601,1331,1270,859
523965433,210,111,99,62
523965434,3153,1558,1595,988
523965441,775,384,391,279
523965443,2118,1066,1052,704
523965444,832,415,417,297
523965453,13,5,8,6
523965501,161,81,80,45
523965502,184,76,108,31
523965504,998,485,513,331
523965511,97,55,42,36
523965512,326,171,155,94
523965513,584,286,298,183
523965514,100,46,54,29
523965521,160,80,80,39
523965522,194,97,97,53
523965523,42,20,22,12
523965531,124,59,65,40
523965532,115,58,57,39
523965534,25,13,12,12
523965541,1344,673,671,396
523965542,2163,1090,1073,816
523965543,1280,629,651,398
523965544,2087,1049,1038,763
523965551,1683,835,848,570
523965552,540,274,266,200
523965553,2044,1002,1042,674
523965554,54,25,29,17
523965561,357,109,248,53
523965562,122,30,92,5
523965563,62,31,31,6
523965564,150,80,70,61
523965601,1627,1541,86,43
523965602,1493,753,740,524
523965603,746,382,364,256
523965604,1755,899,856,596
523965611,2239,1160,1079,797
523965612,894,458,436,285
523965613,2778,1416,1362,889
523965614,1902,951,951,590
523965621,4,1,3,1
523965623,55,28,27,18
523965624,7,3,4,3
523965632,215,116,99,70
523965634,2,1,1,1
523965641,47,24,23,15
523965642,2130,1052,1078,696
523965643,29,15,14,9
523965644,1837,921,916,582
523965651,1820,903,917,579
523965652,152,76,76,52
523965653,2807,1379,1428,921
523965654,1321,648,673,458
523965662,620,320,300,236
523965664,1530,769,761,583
523965671,888,452,436,330
523965673,39,20,19,15
523965674,79,55,24,24
523965683,22,22,0,1
523965701,1380,689,691,456
523965702,693,351,342,224
523965703,341,170,171,108
523965704,176,91,85,58
523965711,725,362,363,213
523965712,2425,1173,1252,746
523965714,331,145,186,80
523965721,1441,746,695,497
523965722,551,279,272,177
523965723,1348,677,671,455
523965724,196,104,92,44
523965731,18,10,8,7
523965732,419,203,216,124
523965733,2179,1079,1100,629
523965734,3193,1570,1623,1022
523965741,2199,1104,1095,722
523965742,2144,1035,1109,673
523965743,2408,1195,1213,776
523965744,83,39,44,28
523965751,2448,1164,1284,793
523965752,3604,1830,1774,1349
523965753,628,334,294,211
523965754,2836,1432,1404,989
523965761,1491,774,717,595
523965762,3252,1769,1483,1415
523965763,2540,1235,1305,930
523965764,2180,1365,815,448
523965771,1566,802,764,593
523965772,415,257,158,123
523965773,431,239,192,119
523965774,463,229,234,150
523965781,78,77,1,3
523965783,14,8,6,5
523965801,33,15,18,11
523965802,56,27,29,13
523965811,96,51,45,25
523965821,315,146,169,88
523965822,14,8,6,4
523965824,122,66,56,52
523965831,674,333,341,203
523965832,3190,1600,1590,939
523965833,956,486,470,320
523965834,2707,1396,1311,854
523965841,1321,638,683,384
523965842,28,3,25,24
523965843,1698,855,843,589
523965844,1564,815,749,569
523965851,1078,533,545,339
523965852,420,220,200,155
523965853,1974,999,975,656
523965854,861,431,430,317
523965861,3027,1519,1508,1055
523965862,2026,995,1031,701
523965863,1365,700,665,487
523965864,1997,977,1020,656
523965871,2283,1133,1150,705
523965872,820,420,400,266
523965873,2085,1012,1073,672
523965874,577,280,297,204
523965883,1322,629,693,500
523965884,567,274,293,221
523965921,54,26,28,17
523965922,792,446,346,337
523965923,17,7,10,5
523965924,158,80,78,55
523965931,1105,500,605,322
523965932,981,493,488,392
523965933,1099,524,575,379
523965934,2617,1318,1299,867
523965941,1883,1231,652,1042
523965942,305,174,131,124
523965943,3307,1608,1699,1216
523965944,1525,787,738,636
523965951,603,298,305,209
523965952,394,206,188,140
523965953,1943,976,967,658
523965954,395,196,199,136
523965961,400,202,198,120
523965962,2076,1035,1041,622
523965963,482,236,246,135
523965964,2140,1044,1096,654
523965971,1970,944,1026,602
523965972,1390,690,700,445
523965973,893,444,449,293
523965974,3219,1628,1591,1128
523965981,3585,1777,1808,1249
523965982,1838,895,943,640
523965983,2914,1439,1475,967
523965984,1048,513,535,324
523965993,76,37,39,23
523966052,288,139,149,100
523966054,111,55,56,34
523966061,360,174,186,101
523966064,23,9,14,7
523966151,93,47,46,25
523966161,20,12,8,8
523966191,47,23,24,12
523966193,49,23,26,12
523966252,12,7,5,4
523966264,25,13,12,8
523966272,14,7,7,4
523966291,80,37,43,20
523966352,44,22,22,12
523966354,209,101,108,57
523966363,274,131,143,69
523966381,53,29,24,12
523966383,81,38,43,17
523966384,51,24,27,15
523966391,68,36,32,16
523966461,23,11,12,5
523966462,209,105,104,54
523966471,106,52,54,33
523966472,28,16,12,6
523966473,162,80,82,48
523966474,605,293,312,174
523966481,22,11,11,5
523966482,48,23,25,14
523966483,127,57,70,17
523966571,70,34,36,19
523966572,351,167,184,100
523966574,66,28,38,19
523966591,19,10,9,6
523966593,304,153,151,106
523966594,687,335,352,248
523966691,116,59,57,37
523966692,862,434,428,286
523966694,551,262,289,212
523966792,32,15,17,9
523966794,22,11,11,8
523966894,68,33,35,14
523966993,60,29,31,13
523966994,140,70,70,37
523967032,79,36,43,26
523967034,25,11,14,6
523967061,35,16,19,11
523967073,24,12,12,8
523967074,23,11,12,7
523967113,35,19,16,9
523967132,27,12,15,6
523967134,17,7,10,5
523967142,41,20,21,10
523967144,43,20,23,10
523967162,24,11,13,7
523967164,83,42,41,22
523967204,37,19,18,9
523967211,75,41,34,21
523967222,100,53,47,26
523967232,44,20,24,10
523967243,44,20,24,9
523967261,80,37,43,22
523967262,34,20,14,8
523967263,139,70,69,39
523967273,37,20,17,8
523967274,37,20,17,7
523967301,77,37,40,21
523967303,128,60,68,26
523967341,60,33,27,17
523967352,103,54,49,26
523967354,96,48,48,25
523967401,167,80,87,49
523967404,49,32,17,1
523967421,39,19,20,9
523967433,193,91,102,47
523967441,58,30,28,16
523967443,80,38,42,20
523967452,33,14,19,9
523967453,36,15,21,9
523967454,35,14,21,9
523967461,37,15,22,9
523967502,40,22,18,10
523967503,512,253,259,157
523967504,192,93,99,48
523967511,61,28,33,17
523967512,25,12,13,8
523967513,222,109,113,62
523967514,174,80,94,47
523967524,99,45,54,25
523967532,43,22,21,10
523967533,202,93,109,50
523967534,68,33,35,20
523967543,142,72,70,38
523967552,143,72,71,31
523967562,52,26,26,13
523967574,108,57,51,31
523967601,459,224,235,141
523967602,153,72,81,45
523967603,153,71,82,48
523967604,123,57,66,38
523967611,369,186,183,107
523967612,197,91,106,67
523967614,124,55,69,32
523967621,226,108,118,63
523967622,139,70,69,40
523967631,111,54,57,31
523967634,149,79,70,46
523967641,225,106,119,52
523967642,308,147,161,79
523967652,65,29,36,17
523967661,47,22,25,12
523967703,23,10,13,8
523967711,89,46,43,22
523967712,46,23,23,11
523967713,65,30,35,19
523967722,112,55,57,30
523967723,120,58,62,31
523967724,58,27,31,15
523967754,27,14,13,8
523967772,39,21,18,10
523967791,63,29,34,16
523967792,43,23,20,12
523967801,14,7,7,4
523967802,25,11,14,7
523967813,107,51,56,33
523967861,22,11,11,7
523967872,41,22,19,10
523967883,42,22,20,10
523967893,187,99,88,49
523967894,64,32,32,18
523967901,15,7,8,4
523967903,18,8,10,4
523967904,14,7,7,4
523967913,56,28,28,17
523967942,48,24,24,14
523967944,11,7,4,5
523967953,36,17,19,11
523967992,108,55,53,29
523967993,51,22,29,15
523970012,14,7,7,9
523970022,33,19,14,9
523970023,15,7,8,8
523970031,283,118,165,182
523970032,559,247,312,268
523970033,120,51,69,57
523970034,760,390,370,260
523970041,513,238,275,193
523970043,615,276,339,217
523970092,79,34,45,19
523970101,27,12,15,10
523970103,88,47,41,47
523970104,155,71,84,70
523970111,15,8,7,7
523970113,230,116,114,105
523970114,271,133,138,29
523970123,5,2,3,3
523970124,25,11,14,11
523970131,7,3,4,3
523970132,42,22,20,25
523970134,34,18,16,22
523970141,72,35,37,24
523970143,21,11,10,9
523970201,238,120,118,87
523970202,458,227,231,170
523970203,487,253,234,184
523970204,1114,526,588,403
523970211,103,62,41,61
523970212,6,3,3,3
523970213,212,101,111,76
523970214,17,9,8,7
523970271,51,31,20,15
523970284,157,81,76,34
523970293,76,38,38,21
523970294,124,51,73,26
523970301,64,32,32,22
523970302,130,57,73,47
523970391,197,103,94,47
523970392,208,101,107,49
523970472,80,43,37,22
523970484,285,139,146,69
523970492,98,54,44,13
523970493,26,14,12,8
523970581,115,52,63,42
523970582,220,106,114,76
523970583,177,88,89,49
523970584,263,135,128,72
523970591,10,5,5,3
523970592,220,111,109,65
523970593,211,110,101,60
523970594,953,468,485,287
523970661,89,46,43,28
523970683,38,18,20,13
523970684,46,24,22,17
523970691,436,223,213,133
523970692,1719,860,859,538
523970693,242,129,113,78
523970694,1366,668,698,414
523970761,77,39,38,27
523970772,31,13,18,7
523970773,138,70,68,38
523970774,806,394,412,251
523970781,543,371,172,339
523970782,375,180,195,101
523970783,1781,921,860,616
523970784,416,213,203,138
523970791,1017,553,464,351
523970792,1129,560,569,364
523970793,1329,674,655,460
523970794,1451,719,732,471
523970822,85,41,44,21
523970871,44,23,21,12
523970872,742,375,367,232
523970873,391,197,194,104
523970874,907,439,468,276
523970881,1485,720,765,472
523970882,1519,773,746,493
523970883,934,456,478,275
523970884,740,377,363,264
523970891,1422,705,717,439
523970892,748,357,391,225
523970893,681,343,338,189
523970894,186,88,98,49
523970941,87,43,44,22
523970942,92,44,48,22
523970943,220,108,112,50
523970944,289,131,158,2
523970954,361,176,185,83
523970961,111,57,54,25
523970962,194,93,101,52
523970963,114,58,56,25
523970971,718,345,373,193
523970972,335,164,171,90
523970974,77,36,41,16
523970981,152,78,74,46
523970982,277,139,138,83
523970983,619,298,321,193
523970984,765,377,388,239
523970991,782,390,392,221
523970992,655,328,327,186
523970993,911,438,473,269
523970994,1493,765,728,471
523971001,79,43,36,17
523971002,46,24,22,14
523971011,470,231,239,148
523971012,413,193,220,151
523971013,8,5,3,1
523971014,805,393,412,289
523971021,734,370,364,282
523971022,2010,876,1134,722
523971023,1381,653,728,507
523971024,1818,881,937,687
523971031,2393,1122,1271,824
523971032,63,32,31,19
523971033,2493,1225,1268,890
523971034,1946,919,1027,685
523971043,323,152,171,104
523971111,272,144,128,86
523971112,1098,563,535,407
523971113,128,67,61,37
523971114,1159,571,588,396
523971121,2094,1015,1079,753
523971122,2649,1341,1308,979
523971123,1903,937,966,811
523971124,1820,885,935,676
523971131,1840,894,946,650
523971132,2597,1268,1329,889
523971133,1488,775,713,562
523971134,1554,777,777,596
523971141,1141,561,580,395
523971143,236,102,134,112
523971144,974,491,483,365
523971153,1221,608,613,441
523971154,77,40,37,22
523971201,310,151,159,81
523971202,490,262,228,149
523971203,251,148,103,103
523971204,715,346,369,205
523971211,1825,922,903,627
523971212,2052,992,1060,796
523971213,815,391,424,235
523971214,1149,575,574,389
523971221,2860,1443,1417,1137
523971222,2089,1045,1044,794
523971223,1200,602,598,431
523971224,1449,700,749,490
523971231,341,175,166,121
523971232,48,30,18,22
523971233,182,90,92,62
523971234,879,455,424,308
523971241,765,388,377,276
523971242,2160,1098,1062,733
523971243,2707,1385,1322,988
523971244,2434,1226,1208,842
523971251,2975,1509,1466,1002
523971252,562,290,272,185
523971253,964,476,488,334
523971254,2307,1159,1148,794
523971263,462,212,250,149
523971301,106,51,55,24
523971302,173,102,71,71
523971311,165,43,122,23
523971312,515,269,246,173
523971313,449,225,224,138
523971314,1083,533,550,346
523971321,1050,517,533,375
523971322,390,195,195,137
523971323,1597,808,789,575
523971324,1259,608,651,430
523971331,621,311,310,197
523971332,1773,913,860,625
523971333,1176,617,559,385
523971334,896,469,427,353
523971341,2063,1029,1034,744
523971342,2680,1361,1319,985
523971343,2148,1097,1051,747
523971344,2186,1121,1065,803
523971351,303,171,132,124
523971352,1089,544,545,382
523971353,838,435,403,284
523971354,582,324,258,170
523971361,1231,606,625,454
523971362,430,211,219,156
523971363,1649,805,844,559
523971364,1281,634,647,447
523971371,9,4,5,3
523971373,733,360,373,234
523971374,521,260,261,155
523971383,92,48,44,30
523971401,452,219,233,152
523971402,395,194,201,112
523971403,1091,531,560,346
523971404,1408,687,721,445
523971411,838,430,408,268
523971412,912,465,447,329
523971413,1757,894,863,593
523971414,1882,945,937,670
523971421,2602,1258,1344,941
523971422,1452,687,765,566
523971423,1058,529,529,342
523971424,211,109,102,59
523971431,1007,530,477,321
523971432,486,231,255,145
523971433,583,306,277,193
523971434,1072,631,441,420
523971441,1513,760,753,494
523971442,1402,698,704,473
523971443,1208,601,607,413
523971444,1684,929,755,644
523971451,727,362,365,239
523971452,1598,808,790,474
523971453,584,311,273,200
523971454,221,139,82,106
523971461,2168,1099,1069,704
523971462,500,235,265,162
523971463,732,400,332,287
523971464,126,66,60,38
523971471,43,21,22,12
523971472,602,293,309,183
523971481,765,388,377,232
523971482,289,148,141,85
523971483,196,98,98,56
523971484,1149,569,580,355
523971493,868,453,415,274
523971494,29,16,13,12
523971501,1453,726,727,448
523971502,1440,725,715,482
523971503,1857,913,944,631
523971504,1219,620,599,386
523971511,1673,855,818,565
523971512,1963,961,1002,722
523971513,1174,572,602,383
523971514,1479,726,753,490
523971521,1411,708,703,474
523971522,305,150,155,106
523971523,981,475,506,332
523971524,335,160,175,91
523971531,750,439,311,322
523971532,1261,631,630,369
523971533,402,213,189,127
523971534,68,33,35,22
523971541,346,176,170,91
523971542,916,455,461,284
523971543,933,473,460,263
523971544,1546,761,785,450
523971551,817,417,400,244
523971552,401,180,221,107
523971553,395,189,206,108
523971554,515,246,269,138
523971561,176,81,95,49
523971574,250,124,126,64
523971581,151,71,80,42
523971582,1190,591,599,344
523971583,995,498,497,308
523971584,918,474,444,293
523971591,1115,539,576,344
523971592,1437,712,725,474
523971593,363,179,184,110
523971594,461,209,252,143
523971601,1231,595,636,409
523971602,550,285,265,178
523971603,1798,917,881,599
523971604,1284,648,636,443
523971611,312,159,153,97
523971612,1358,675,683,479
523971613,1258,611,647,399
523971614,1041,521,520,345
523971622,272,137,135,76
523971631,104,57,47,35
523971632,275,140,135,88
523971633,346,158,188,90
523971634,139,70,69,36
523971641,1037,522,515,281
523971642,1554,749,805,452
523971643,270,130,140,78
523971644,950,463,487,265
523971651,551,279,272,154
523971652,95,49,46,19
523971653,390,183,207,92
523971663,51,31,20,2
523971671,192,101,91,46
523971674,76,40,36,22
523971681,832,412,420,211
523971682,23,10,13,5
523971683,169,82,87,46
523971684,377,180,197,116
523971691,519,268,251,153
523971692,609,303,306,182
523971693,1784,847,937,600
523971694,914,453,461,272
523971701,568,267,301,163
523971702,1693,825,868,583
523971703,154,76,78,42
523971704,635,309,326,191
523971711,2231,1101,1130,794
523971712,1053,506,547,353
523971713,1150,565,585,376
523971714,510,254,256,170
523971721,795,389,406,303
523971722,278,130,148,69
523971723,357,168,189,105
523971724,33,15,18,10
523971731,381,197,184,101
523971732,23,10,13,5
523971733,440,216,224,114
523971734,93,41,52,24
523971741,346,170,176,85
523971742,4,2,2,1
523971743,209,105,104,42
523971771,130,62,68,27
523971772,211,102,109,53
523971773,46,23,23,22
523971774,193,94,99,64
523971781,592,301,291,159
523971782,2191,1087,1104,698
523971783,356,177,179,75
523971784,200,102,98,62
523971791,1214,578,636,443
523971792,1592,802,790,533
523971793,1856,913,943,657
523971794,457,217,240,133
523971801,122,58,64,32
523971802,491,251,240,137
523971803,319,177,142,94
523971804,544,281,263,203
523971811,226,108,118,62
523971813,81,43,38,27
523971814,302,138,164,68
523971821,339,168,171,104
523971822,663,347,316,213
523971823,850,450,400,283
523971824,831,427,404,270
523971831,813,393,420,238
523971832,179,77,102,38
523971833,647,308,339,196
523971854,174,77,97,37
523971871,237,116,121,86
523971872,715,383,332,250
523971873,795,402,393,228
523971874,598,330,268,226
523971881,351,172,179,88
523971884,2,1,1,1
523971891,257,125,132,71
523971892,164,62,102,35
523971893,240,129,111,69
523971901,806,412,394,249
523971902,585,296,289,212
523971903,543,272,271,196
523971904,257,128,129,81
523971912,25,11,14,9
523971913,30,15,15,9
523971914,1123,578,545,362
523971921,421,203,218,111
523971922,638,322,316,188
523971923,1024,529,495,343
523971924,517,319,198,260
523971931,140,75,65,40
523971933,487,248,239,123
523971964,156,78,78,39
523971973,194,94,100,52
523971982,251,124,127,70
523971984,295,150,145,80
523971991,17,8,9,5
523971994,23,21,2,19
523972501,592,286,306,205
523972502,243,124,119,79
523972503,901,429,472,342
523972504,1647,805,842,609
523972513,1299,628,671,405
523972514,73,36,37,23
523972601,713,359,354,254
523972602,1372,663,709,477
523972603,1322,661,661,447
523972604,1762,847,915,567
523972611,1468,728,740,485
523972612,963,474,489,319
523972613,714,348,366,218
523972614,901,443,458,272
523972621,670,335,335,220
523972622,675,354,321,245
523972623,1612,795,817,517
523972624,1126,564,562,365
523972631,391,197,194,138
523972632,154,76,78,55
523972633,523,255,268,155
523972634,800,401,399,250
523972641,18,8,10,8
523972643,695,345,350,220
523972644,622,303,319,214
523972653,967,464,503,317
523972701,785,385,400,267
523972702,1516,815,701,523
523972703,249,129,120,65
523972704,364,195,169,105
523972711,1360,641,719,405
523972712,1350,667,683,414
523972713,207,101,106,62
523972714,256,128,128,55
523972721,1243,618,625,377
523972722,829,393,436,277
523972723,1145,585,560,460
523972724,47,40,7,13
523972731,166,78,88,49
523972732,262,128,134,81
523972734,116,56,60,41
523972741,1312,643,669,447
523972742,1359,654,705,482
523972743,223,106,117,75
523972744,610,288,322,203
523972751,1837,891,946,582
523972752,749,372,377,247
523972753,1044,501,543,354
523972754,2551,1245,1306,818
523972761,1,1,0,1
523972763,1358,633,725,404
523972764,739,368,371,263
523972773,1198,598,600,448
523972774,1011,504,507,311
523972783,142,61,81,58
523972784,233,116,117,83
523972793,243,126,117,82
523972801,159,83,76,43
523972804,68,34,34,17
523972812,27,12,15,10
523972813,184,90,94,43
523972814,119,55,64,27
523972821,209,101,108,50
523972822,53,24,29,14
523972823,197,94,103,50
523972824,262,130,132,66
523972832,10,5,5,4
523972841,11,6,5,4
523972842,78,40,38,25
523972843,104,50,54,33
523972844,175,98,77,38
523972851,209,100,109,66
523972852,1019,490,529,331
523972853,26,13,13,9
523972854,106,48,58,33
523972861,1091,537,554,365
523972862,3255,1611,1644,1082
523972863,889,453,436,295
523972864,1753,892,861,629
523972871,4599,2402,2197,1721
523972872,3149,1573,1576,1127
523972873,1289,642,647,499
523972874,2878,1386,1492,1099
523972881,2625,1257,1368,941
523972882,2164,1071,1093,742
523972883,2552,1253,1299,994
523972884,2508,1239,1269,899
523972891,2133,1030,1103,678
523972893,1655,838,817,534
523972894,60,30,30,18
523972901,53,23,30,11
523972902,297,144,153,75
523972904,45,31,14,43
523972911,94,21,73,2
523972923,6,4,2,2
523972924,5,3,2,2
523972931,251,130,121,63
523972932,301,157,144,93
523972933,3,2,1,1
523972934,124,60,64,33
523972941,1447,723,724,457
523972942,1229,577,652,313
523972943,2337,1148,1189,654
523972944,2669,1373,1296,975
523972951,1105,562,543,371
523972952,1689,842,847,577
523972953,4363,2140,2223,1279
523972954,1751,872,879,588
523972961,1254,638,616,426
523972962,2287,1138,1149,826
523972963,1585,807,778,577
523972964,2933,1427,1506,1065
523972971,3307,1665,1642,1134
523972972,1902,901,1001,812
523972973,3180,1626,1554,1264
523972974,3024,1445,1579,1257
523972981,2398,1169,1229,1056
523972982,1006,507,499,395
523972983,3059,1543,1516,1301
523972984,2360,1229,1131,919
523972991,69,39,30,36
523972992,87,44,43,26
523972993,180,92,88,60
523972994,642,343,299,189
523973574,15,8,7,6
523973583,80,41,39,33
523973584,36,18,18,15
523973672,2,1,1,1
523973681,169,81,88,56
523973682,242,113,129,76
523973684,242,126,116,104
523973693,479,247,232,156
523973694,897,409,488,280
523973704,1,0,1,1
523973714,20,12,8,7
523973774,418,195,223,160
523973781,436,219,217,207
523973782,2103,1010,1093,860
523973783,1963,938,1025,732
523973784,2221,1069,1152,828
523973791,2418,1155,1263,881
523973792,2417,1190,1227,831
523973793,1172,576,596,427
523973794,2153,1045,1108,740
523973801,131,64,67,44
523973802,3112,1541,1571,1114
523973803,651,323,328,198
523973804,4695,2319,2376,1814
523973811,1100,517,583,351
523973812,1345,673,672,513
523973813,3685,1843,1842,1423
523973814,3383,1704,1679,1285
523973821,555,278,277,210
523973822,911,440,471,336
523973823,2798,1356,1442,1096
523973824,2729,1343,1386,1013
523973831,1051,508,543,390
523973832,298,147,151,105
523973833,2789,1399,1390,1050
523973834,1970,958,1012,684
523973841,23,12,11,9
523973842,50,24,26,21
523973843,1941,959,982,662
523973844,1861,943,918,646
523973853,2722,1369,1353,1181
523973854,3410,1684,1726,1238
523973861,422,213,209,146
523973862,1713,816,897,552
523973863,3434,1719,1715,1196
523973864,2855,1435,1420,1057
523973871,1880,918,962,720
523973872,2033,933,1100,810
523973873,2362,1146,1216,838
523973874,2249,1061,1188,900
523973881,1921,891,1030,688
523973882,2518,1228,1290,902
523973883,1985,931,1054,762
523973884,1916,910,1006,698
523973891,1558,711,847,547
523973892,1783,820,963,647
523973893,1487,704,783,535
523973894,1706,790,916,618
523973901,443,214,229,126
523973902,2223,1122,1101,754
523973903,1358,677,681,454
523973904,428,214,214,151
523973911,2881,1459,1422,1136
523973912,3259,1656,1603,1211
523973913,2029,1014,1015,707
523973914,2974,1499,1475,1101
523973921,2919,1413,1506,1203
523973922,2690,1277,1413,1098
523973923,1713,845,868,690
523973924,2258,1057,1201,887
523973931,3408,1684,1724,1276
523973932,3255,1653,1602,1158
523973933,2663,1301,1362,1014
523973934,3959,1961,1998,1449
523973941,2771,1363,1408,942
523973942,3055,1513,1542,1064
523973943,2878,1379,1499,989
523973944,2924,1463,1461,1052
523973951,2706,1358,1348,982
523973952,2829,1422,1407,1057
523973953,2758,1374,1384,1097
523973954,2709,1432,1277,1186
523973961,2037,1039,998,739
523973962,2030,990,1040,713
523973963,2695,1392,1303,1064
523973964,2527,1294,1233,1007
523973971,1836,930,906,666
523973972,2486,1212,1274,925
523973973,1576,798,778,590
523973974,2740,1303,1437,1050
523973981,2148,1017,1131,774
523973982,2521,1211,1310,976
523973983,2689,1258,1431,1068
523973984,3008,1507,1501,1241
523973991,1404,678,726,508
523973992,263,122,141,87
523973993,637,313,324,230
523973994,1396,772,624,573
523974062,59,30,29,23
523974063,58,24,34,27
523974064,185,92,93,69
523974071,442,216,226,145
523974072,147,70,77,45
523974081,50,26,24,13
523974153,9,5,4,5
523974154,106,50,56,44
523974161,427,211,216,139
523974162,1111,517,594,374
523974163,711,323,388,267
523974164,1374,656,718,472
523974171,777,380,397,261
523974172,83,39,44,28
523974173,1158,567,591,382
523974174,525,244,281,171
523974181,99,53,46,33
523974183,384,176,208,104
523974184,329,156,173,121
523974193,422,221,201,133
523974194,199,102,97,62
523974251,85,42,43,31
523974252,694,338,356,249
523974254,952,452,500,346
523974261,80,37,43,25
523974262,1190,553,637,414
523974263,1633,766,867,577
523974264,846,386,460,278
523974271,1213,562,651,402
523974272,410,197,213,129
523974273,295,132,163,94
523974274,122,57,65,45
523974281,148,72,76,50
523974282,528,256,272,175
523974291,175,91,84,49
523974352,1312,608,704,442
523974354,324,160,164,115
523974361,1304,612,692,456
523974362,249,107,142,84
523974363,1087,520,567,381
523974364,347,162,185,123
523974371,16,6,10,5
523974373,442,231,211,137
523974452,514,244,270,194
523974454,370,179,191,147
523974461,659,320,339,228
523974462,939,446,493,312
523974463,1222,566,656,486
523974464,985,495,490,338
523974471,1081,542,539,369
523974473,1987,949,1038,687
523974474,1030,483,547,347
523974483,687,321,366,212
523974484,297,139,158,95
523974493,353,164,189,116
523974494,18,11,7,8
523974542,202,100,102,71
523974543,449,223,226,171
523974544,1500,735,765,564
523974551,210,113,97,71
523974552,1117,531,586,423
523974553,727,361,366,272
523974554,2555,1219,1336,974
523974561,2137,997,1140,821
523974562,2199,1037,1162,857
523974563,1656,766,890,655
523974564,1754,816,938,703
523974571,1445,686,759,493
523974572,550,261,289,208
523974573,2406,1178,1228,881
523974574,2258,1080,1178,844
523974581,767,377,390,267
523974582,1224,608,616,371
523974583,2683,1292,1391,1019
523974584,1439,708,731,489
523974591,795,386,409,270
523974592,212,105,107,73
523974593,911,453,458,326
523974594,1460,730,730,512
523974603,509,223,286,153
523974604,997,483,514,366
523974611,86,49,37,36
523974612,341,156,185,133
523974613,523,248,275,189
523974614,810,360,450,275
523974621,114,54,60,42
523974623,1058,502,556,377
523974624,357,118,239,101
523974634,335,162,173,125
523974641,449,216,233,158
523974642,2038,959,1079,719
523974643,1767,825,942,664
523974644,1092,523,569,403
523974651,2113,1008,1105,739
523974652,1652,783,869,600
523974653,1381,665,716,481
523974654,1466,701,765,506
523974661,1490,764,726,595
523974662,1059,505,554,391
523974663,870,433,437,296
523974664,96,47,49,35
523974671,1304,637,667,480
523974672,2346,1135,1211,809
523974673,353,179,174,134
523974674,2176,1069,1107,769
523974681,809,389,420,276
523974682,144,69,75,49
523974683,514,229,285,135
523974684,9,5,4,3
523974691,451,235,216,152
523974692,944,458,486,338
523974693,1176,575,601,380
523974694,1552,757,795,513
523974701,1034,484,550,358
523974702,828,403,425,271
523974703,2133,1018,1115,730
523974704,726,347,379,243
523974711,1727,816,911,591
523974712,1617,763,854,557
523974713,890,408,482,310
523974714,1011,477,534,339
523974721,696,328,368,258
523974722,1602,744,858,593
523974723,480,217,263,176
523974724,1183,541,642,433
523974731,887,406,481,343
523974732,1963,922,1041,757
523974733,1330,619,711,523
523974734,2282,1051,1231,888
523974741,2487,1141,1346,924
523974742,1301,631,670,476
523974743,2127,977,1150,857
523974744,1191,545,646,459
523974751,259,119,140,88
523974752,1720,809,911,581
523974753,483,219,264,174
523974754,1043,477,566,372
523974761,786,380,406,263
523974763,778,354,424,274
523974772,72,35,37,22
523974781,21,9,12,6
523974782,624,308,316,194
523974783,216,110,106,70
523974784,3066,1497,1569,894
523974791,2491,1200,1291,781
523974792,2339,1189,1150,869
523974793,2630,1300,1330,859
523974794,1910,971,939,712
523974801,1517,722,795,534
523974802,1678,784,894,577
523974803,2084,965,1119,751
523974804,1230,598,632,424
523974811,375,164,211,148
523974812,956,432,524,304
523974813,1331,636,695,447
523974814,992,489,503,349
523974821,1060,506,554,384
523974822,644,298,346,240
523974823,797,370,427,297
523974824,267,123,144,92
523974831,929,415,514,357
523974832,1258,543,715,485
523974833,809,376,433,307
523974834,544,239,305,215
523974841,1312,587,725,524
523974842,544,256,288,202
523974843,2049,917,1132,807
523974844,1458,670,788,576
523974851,534,267,267,197
523974852,848,383,465,302
523974853,1240,570,670,454
523974854,1298,593,705,456
523974861,913,432,481,334
523974862,75,38,37,25
523974863,456,215,241,158
523974864,198,94,104,71
523974873,1,1,0,1
523974874,1500,721,779,481
523974881,234,126,108,86
523974882,3054,1527,1527,1086
523974883,1691,820,871,534
523974884,3519,1782,1737,1285
523974891,3388,1700,1688,1107
523974892,3141,1576,1565,1283
523974893,3339,1687,1652,1265
523974894,2332,1151,1181,1013
523974901,1030,528,502,356
523974902,1651,815,836,573
523974903,1457,791,666,500
523974904,1389,716,673,508
523974911,860,418,442,294
523974912,1980,983,997,717
523974913,2850,1482,1368,1034
523974914,1492,770,722,579
523974921,1917,977,940,714
523974922,646,311,335,233
523974923,1764,853,911,663
523974924,1083,502,581,400
523974931,481,235,246,177
523974932,788,371,417,307
523974933,421,200,221,154
523974934,197,88,109,77
523974941,661,303,358,236
523974942,598,268,330,232
523974943,412,196,216,176
523974944,367,170,197,137
523974951,714,320,394,276
523974952,678,307,371,244
523974953,595,278,317,208
523974954,189,92,97,66
523974961,72,35,37,22
523974962,80,34,46,28
523974963,3,1,2,2
523974971,3,2,1,1
523974972,1295,665,630,419
523974973,2,1,1,1
523974974,658,337,321,230
523974981,2570,1298,1272,885
523974982,2020,1039,981,760
523974983,3650,1842,1808,1288
523974984,3526,1763,1763,1229
523974991,3273,1711,1562,1416
523974992,3223,1655,1568,1460
523974993,1419,732,687,507
523974994,1997,988,1009,827
523975001,1,0,1,1
523975004,22,10,12,5
523975011,52,28,24,18
523975012,458,235,223,149
523975013,1324,631,693,434
523975014,2164,1078,1086,711
523975021,1460,727,733,475
523975022,916,455,461,304
523975023,2043,1053,990,769
523975024,2636,1307,1329,976
523975031,3142,1520,1622,1112
523975032,2920,1478,1442,971
523975033,2974,1411,1563,1113
523975034,3118,1528,1590,1172
523975041,2447,1260,1187,905
523975042,3290,1642,1648,1277
523975043,2131,1065,1066,827
523975044,2087,1051,1036,709
523975051,1402,714,688,465
523975052,1251,635,616,421
523975053,1805,881,924,635
523975054,1352,656,696,451
523975061,930,465,465,293
523975062,1816,903,913,629
523975063,2985,1513,1472,956
523975064,3105,1531,1574,1017
523975071,2235,1101,1134,778
523975072,3281,1662,1619,1102
523975073,2900,1454,1446,1064
523975074,705,353,352,243
523975081,2525,1231,1294,789
523975082,1499,743,756,461
523975083,1581,806,775,476
523975084,1052,512,540,310
523975091,183,88,95,55
523975092,8,8,0,1
523975093,96,46,50,27
523975102,273,135,138,85
523975103,736,355,381,240
523975104,685,347,338,214
523975111,1542,768,774,516
523975112,2748,1337,1411,1004
523975113,1612,797,815,576
523975114,2513,1255,1258,908
523975121,3240,1585,1655,1170
523975122,2810,1406,1404,1102
523975123,3235,1576,1659,1022
523975124,3774,1841,1933,1332
523975131,2927,1442,1485,1090
523975132,2714,1304,1410,930
523975133,2032,1010,1022,731
523975134,3128,1528,1600,1156
523975141,2935,1438,1497,983
523975142,3487,1715,1772,1284
523975143,1925,947,978,668
523975144,2470,1156,1314,925
523975151,2617,1275,1342,940
523975152,2877,1368,1509,1073
523975153,2010,931,1079,796
523975154,1789,870,919,588
523975161,2582,1239,1343,875
523975162,2069,998,1071,669
523975163,726,353,373,228
523975164,562,279,283,180
523975171,2140,1037,1103,667
523975172,1884,1754,130,84
523975173,123,62,61,36
523975174,28,13,15,9
523975181,154,77,77,54
523975182,1658,849,809,547
523975183,610,270,340,161
523975184,39,19,20,10
523975191,165,84,81,54
523975211,248,124,124,88
523975212,1388,671,717,478
523975213,83,42,41,27
523975214,803,390,413,263
523975221,2388,1151,1237,819
523975222,2428,1200,1228,855
523975223,2495,1209,1286,818
523975224,1961,957,1004,701
523975231,1530,726,804,591
523975232,2967,1414,1553,1181
523975233,3105,1491,1614,1205
523975234,2821,1272,1549,1062
523975241,3271,1578,1693,1254
523975242,1301,613,688,496
523975243,2999,1422,1577,1267
523975244,100,45,55,38
523975251,40,19,21,13
523975303,23,13,10,10
523975304,160,75,85,61
523975311,134,66,68,49
523975312,430,212,218,158
523975313,403,205,198,146
523975314,1128,553,575,415
523975321,1609,788,821,588
523975322,1894,888,1006,748
523975323,2354,1145,1209,851
523975324,1827,879,948,729
523975331,3004,1442,1562,1180
523975332,1876,877,999,837
523975333,1265,587,678,552
523975334,997,455,542,466
523975341,2316,1101,1215,997
523975342,19,11,8,11
523975343,754,336,418,353
523975401,292,147,145,107
523975402,657,323,334,237
523975403,672,316,356,222
523975404,1646,792,854,596
523975411,783,372,411,284
523975412,1479,708,771,538
523975413,1202,607,595,432
523975414,1408,768,640,463
523975421,1801,1547,254,176
523975422,345,307,38,58
523975423,1258,1234,24,19
523975424,258,255,3,4
523975431,292,231,61,50
523975432,1231,470,761,444
523975441,74,37,37,30
523975501,1122,540,582,414
523975502,1430,914,516,346
523975503,1092,528,564,408
523975504,2,1,1,1
523975511,719,362,357,280
523975512,516,363,153,117
523975601,2151,1023,1128,742
523975602,1529,1340,189,132
523975603,2140,1067,1073,682
523975604,2341,1145,1196,751
523975613,269,129,140,93
523975621,25,16,9,1
523975701,2527,1324,1203,1016
523975702,2071,1090,981,777
523975703,2868,1470,1398,1127
523975704,2016,1238,778,1077
523975711,172,86,86,60
523975713,41,20,21,13
523975801,3634,1828,1806,1370
523975802,673,342,331,255
523975803,3656,1786,1870,1310
523975804,780,385,395,279
523975811,19,8,11,6
523975901,1021,503,518,369
523975902,1615,879,736,656
523975903,3408,1634,1774,1386
523975904,1396,711,685,560
523976091,297,141,156,99
523976092,233,111,122,81
523976093,232,111,121,60
523976094,231,121,110,66
523976284,217,106,111,58
523976291,107,51,56,28
523976292,126,62,64,42
523976381,667,327,340,183
523976382,523,252,271,150
523976383,612,300,312,170
523976384,610,311,299,174
523976391,297,155,142,88
523976392,45,23,22,10
523976393,47,24,23,10
523976394,49,24,25,10
523976474,133,68,65,51
523976481,206,107,99,70
523976482,773,374,399,237
523976483,444,214,230,148
523976484,734,358,376,242
523976491,187,94,93,52
523976493,218,110,108,65
523976494,245,115,130,52
523976572,286,144,142,92
523976573,115,53,62,27
523976574,226,99,127,66
523976581,653,339,314,219
523976582,268,133,135,87
523976583,199,105,94,74
523976584,936,468,468,297
523976591,236,116,120,74
523976592,352,176,176,93
523976593,392,193,199,106
523976594,359,183,176,110
523976653,80,38,42,26
523976654,495,297,198,214
523976662,212,106,106,48
523976663,337,129,208,68
523976664,110,51,59,27
523976671,272,130,142,62
523976672,147,69,78,33
523976682,218,104,114,66
523976683,53,26,27,13
523976684,104,54,50,29
523976691,322,159,163,101
523976692,70,37,33,18
523976693,96,43,53,23
523976694,44,22,22,10
523976742,22,12,10,7
523976744,277,145,132,85
523976751,954,471,483,301
523976752,739,381,358,265
523976753,1300,648,652,373
523976754,1087,522,565,292
523976761,41,20,21,13
523976763,219,108,111,55
523976764,68,33,35,18
523976771,116,54,62,25
523976772,87,43,44,22
523976773,193,86,107,44
523976781,95,46,49,23
523976782,161,80,81,42
523976783,162,88,74,42
523976784,37,18,19,9
523976791,30,12,18,8
523976792,27,14,13,7
523976793,50,14,36,1
523976794,4,3,1,1
523976851,52,27,25,15
523976852,211,99,112,56
523976861,116,60,56,28
523976862,331,159,172,88
523976871,232,120,112,68
523976872,70,32,38,18
523976873,386,193,193,96
523976874,903,450,453,254
523976881,16,7,9,4
523976882,595,295,300,171
523976883,874,478,396,355
523976884,991,517,474,343
523976891,151,79,72,50
523976892,102,47,55,27
523976893,481,237,244,143
523976894,52,26,26,13
523976972,513,277,236,173
523976974,12,7,5,4
523976981,1031,512,519,315
523976982,942,474,468,320
523976983,1347,674,673,476
523976984,726,350,376,239
523976991,614,324,290,221
523976992,23,13,10,8
523976993,187,95,92,60
523976994,724,379,345,264
523977001,29,12,17,8
523977002,119,57,62,34
523977003,121,56,65,34
523977004,47,22,25,16
523977013,30,18,12,8
523977021,40,20,20,11
523977064,75,34,41,30
523977073,39,17,22,15
523977092,120,51,69,29
523977094,196,90,106,46
523977101,236,122,114,74
523977102,79,41,38,23
523977103,323,165,158,99
523977104,153,76,77,50
523977111,243,118,125,76
523977112,284,134,150,72
523977113,75,39,36,26
523977121,38,18,20,10
523977124,35,16,19,9
523977181,43,18,25,15
523977192,129,64,65,32
523977193,131,63,68,32
523977201,49,27,22,13
523977202,45,21,24,10
523977204,24,13,11,6
523977211,45,23,22,12
523977213,37,17,20,9
523977214,94,45,49,24
523977222,46,25,21,14
523977223,70,39,31,19
523977224,26,13,13,7
523977231,27,12,15,8
523977232,41,19,22,10
523977233,43,23,20,12
523977234,67,30,37,14
523977252,51,28,23,14
523977291,272,140,132,65
523977292,110,56,54,29
523977294,136,71,65,38
523977301,141,69,72,33
523977303,137,66,71,32
523977311,72,36,36,14
523977313,138,65,73,31
523977314,139,67,72,27
523977334,54,26,28,15
523977342,100,39,61,16
523977343,53,22,31,15
523977351,52,28,24,14
523977353,43,23,20,13
523977361,48,21,27,10
523977364,43,17,26,9
523977373,25,12,13,7
523977382,258,124,134,57
523977383,115,60,55,29
523977384,121,63,58,29
523977391,106,53,53,30
523977393,87,43,44,22
523977412,104,51,53,29
523977413,127,63,64,33
523977414,81,39,42,20
523977423,77,35,42,18
523977431,70,36,34,17
523977434,49,23,26,12
523977441,102,46,56,24
523977451,63,32,31,15
523977452,205,102,103,30
523977453,47,25,22,13
523977471,57,26,31,14
523977472,142,75,67,43
523977484,199,103,96,53
523977491,87,42,45,22
523977492,78,37,41,21
523977494,168,85,83,47
523977501,24,13,11,6
523977503,63,32,31,17
523977511,61,29,32,15
523977514,142,64,78,36
523977524,54,26,28,13
523977531,71,35,36,17
523977533,72,36,36,16
523977541,53,24,29,12
523977543,758,392,366,226
523977544,203,101,102,56
523977551,79,39,40,19
523977554,317,160,157,83
523977561,95,49,46,25
523977562,88,45,43,24
523977563,385,189,196,108
523977564,242,128,114,72
523977573,260,133,127,67
523977574,162,83,79,42
523977581,139,72,67,42
523977582,186,93,93,47
523977583,203,100,103,51
523977584,147,72,75,41
523977591,144,70,74,40
523977601,272,134,138,70
523977602,46,22,24,14
523977604,106,53,53,26
523977622,114,54,60,26
523977623,81,39,42,17
523977624,119,58,61,28
523977631,11,7,4,2
523977633,55,27,28,15
523977634,902,528,374,340
523977641,979,504,475,293
523977642,241,121,120,67
523977643,460,239,221,141
523977644,86,44,42,27
523977652,554,271,283,181
523977654,401,199,202,122
523977661,547,255,292,193
523977662,458,212,246,137
523977663,473,217,256,132
523977664,148,67,81,51
523977671,260,127,133,65
523977672,229,105,124,70
523977673,182,87,95,45
523977682,90,40,50,23
523977683,108,54,54,26
523977691,155,72,83,37
523977692,26,13,13,7
523977701,100,50,50,25
523977702,50,26,24,12
523977712,57,27,30,14
523977714,58,27,31,14
523977722,67,38,29,20
523977724,134,69,65,30
523977731,266,182,84,151
523977732,520,328,192,255
523977733,345,171,174,97
523977734,1506,757,749,496
523977741,81,39,42,28
523977742,41,19,22,14
523977743,213,104,109,59
523977744,17,7,10,4
523977751,87,42,45,22
523977753,89,44,45,24
523977754,91,43,48,23
523977761,171,73,98,29
523977762,247,119,128,72
523977763,96,47,49,20
523977764,29,15,14,7
523977771,143,75,68,30
523977781,74,38,36,15
523977782,51,26,25,12
523977784,107,52,55,24
523977801,187,98,89,49
523977802,247,122,125,68
523977803,285,143,142,82
523977804,81,38,43,21
523977811,329,169,160,94
523977812,156,94,62,70
523977814,836,477,359,359
523977821,205,98,107,48
523977822,147,79,68,55
523977823,534,282,252,179
523977824,672,342,330,223
523977831,1210,604,606,413
523977832,1664,781,883,511
523977833,1994,1006,988,680
523977834,1319,679,640,437
523977841,558,275,283,183
523977843,784,396,388,273
523977844,1291,681,610,463
523977851,155,75,80,48
523977852,93,44,49,24
523977853,383,211,172,153
523977871,63,31,32,14
523977881,38,19,19,10
523977893,25,13,12,7
523977901,44,43,1,44
523977902,126,59,67,35
523977903,561,314,247,221
523977904,793,408,385,279
523977911,609,317,292,223
523977912,1238,606,632,447
523977913,931,466,465,326
523977914,919,424,495,329
523977921,1369,678,691,482
523977922,1137,572,565,412
523977923,773,382,391,317
523977924,1686,828,858,570
523977931,1345,673,672,450
523977932,1799,914,885,575
523977933,1691,858,833,567
523977934,1153,566,587,376
523977941,741,362,379,258
523977942,2213,1213,1000,847
523977943,594,299,295,217
523977944,124,107,17,105
523977951,977,565,412,364
523977954,127,64,63,39
523977961,90,43,47,19
523977963,327,155,172,92
523977964,34,18,16,9
523977982,39,19,20,10
523977984,41,20,21,10
523977992,26,13,13,7
