KEY_CODE,T000387001,T000387002,T000387003,T000387004
,êlå˚ëçêî,íj,èó,ê¢ë—ëçêî
523900903,12,6,6,5
523902482,2,1,1,1
523902493,6,3,3,2
523902584,6,3,3,3
523902592,5,2,3,2
523902593,3,1,2,2
523902681,2,1,1,1
523902683,13,10,3,11
523902781,79,37,42,37
523902782,10,5,5,5
523902783,202,96,106,108
523902784,60,23,37,30
523902882,28,14,14,12
523902884,70,32,38,31
523902981,2,1,1,1
523902982,96,41,55,55
523902983,285,148,137,162
523902984,432,195,237,198
523902991,30,12,18,16
523902993,117,64,53,59
523903124,34,17,17,20
523903133,257,119,138,124
523903134,32,13,19,12
523903143,6,4,2,3
523903144,277,144,133,94
523903153,39,18,21,16
523903204,3,1,2,1
523903212,3,1,2,1
523903213,14,5,9,7
523903214,26,14,12,15
523903221,49,24,25,18
523903222,167,88,79,79
523903223,21,10,11,14
523903224,32,18,14,16
523903231,190,99,91,113
523903232,90,49,41,38
523903234,21,11,10,7
523903241,63,30,33,27
523903242,270,146,124,138
523903243,71,33,38,29
523903244,109,55,54,47
523903251,225,107,118,113
523903252,18,8,10,10
523903253,299,148,151,145
523903302,31,17,14,18
523903303,2,0,2,1
523903304,10,4,6,7
523903311,98,51,47,44
523903312,28,15,13,13
523903313,3,0,3,3
523903314,9,1,8,8
523903321,16,6,10,5
523903322,6,4,2,5
523903332,207,125,82,36
523903333,2,0,2,2
523903341,3,2,1,2
523903351,25,16,9,18
523903352,15,8,7,6
523903353,6,3,3,3
523903354,19,6,13,10
523903451,2,1,1,1
523910001,79,41,38,31
523910002,349,163,186,124
523910004,84,41,43,28
523910011,18,7,11,5
523910013,152,75,77,54
523910014,96,45,51,34
523910102,5,3,2,3
523910103,1,0,1,1
523910104,22,10,12,6
523910111,3,2,1,2
523910112,92,43,49,34
523910113,47,22,25,17
523910114,185,87,98,72
523910123,9,4,5,3
523910124,64,32,32,28
523910133,76,34,42,43
523910202,84,44,40,29
523910203,36,17,19,10
523910204,54,25,29,21
523910211,83,37,46,25
523910212,9,4,5,5
523910221,116,60,56,39
523910222,981,489,492,416
523910223,186,84,102,53
523910224,453,212,241,180
523910231,1670,747,923,680
523910232,921,422,499,341
523910233,1128,525,603,447
523910234,277,138,139,100
523910301,37,17,20,9
523910302,13,6,7,6
523910304,5,3,2,3
523910312,31,15,16,12
523910321,238,111,127,73
523910322,44,24,20,16
523910323,56,27,29,20
523910331,332,161,171,131
523910332,76,42,34,25
523910333,50,27,23,20
523910334,199,88,111,90
523910343,49,22,27,5
523910413,4,2,2,1
523910414,21,9,12,9
523910421,4,2,2,1
523910432,74,36,38,23
523910441,38,20,18,17
523910442,3,1,2,2
523910444,4,1,3,2
523910511,2,2,0,2
523910512,12,4,8,3
523910544,87,45,42,34
523910622,18,8,10,7
523910624,105,50,55,26
523910631,5,2,3,2
523910632,8,4,4,2
523910633,71,14,57,9
523910634,256,124,132,88
523910641,24,12,12,11
523910642,422,200,222,177
523910643,419,186,233,171
523910644,890,417,473,278
523910651,38,20,18,28
523910653,283,142,141,126
523910731,32,12,20,14
523910732,62,25,37,26
523910733,20,11,9,8
523910734,3,1,2,1
523910741,77,40,37,34
523910742,300,147,153,102
523910743,128,63,65,49
523910744,405,188,217,162
523910751,303,140,163,130
523910753,729,436,293,216
523910754,203,96,107,106
523910804,11,7,4,5
523910832,43,18,25,18
523910834,21,9,12,7
523910841,96,47,49,36
523910842,712,329,383,288
523910843,13,3,10,10
523910844,339,154,185,149
523910851,124,53,71,67
523910852,79,44,35,46
523910853,34,15,19,12
523910854,71,31,40,45
523910902,17,10,7,10
523910904,33,16,17,16
523910911,1,1,0,1
523910934,53,23,30,18
523910941,60,30,30,34
523910942,26,14,12,12
523910943,19,9,10,8
523910951,70,33,37,28
523910952,136,64,72,47
523910953,60,28,32,26
523910954,87,39,48,34
523910961,58,24,34,44
523910963,23,13,10,14
523912072,2,1,1,2
523912081,345,163,182,174
523912082,359,183,176,179
523912083,114,63,51,54
523912084,212,104,108,100
523912091,31,16,15,15
523912093,12,5,7,6
523912181,226,108,118,115
523912182,202,106,96,105
523912183,88,43,45,44
523912184,92,46,46,12
523912191,3,3,0,3
523912193,2,1,1,1
523912194,5,2,3,3
523912281,57,30,27,25
523912282,27,10,17,13
523912283,29,15,14,14
523912284,127,57,70,60
523912291,42,22,20,17
523912292,18,10,8,9
523912293,186,64,122,45
523912294,39,20,19,19
523912381,81,40,41,41
523912382,54,28,26,22
523912383,56,30,26,22
523912384,29,14,15,16
523912391,94,44,50,46
523912392,115,53,62,52
523912393,110,45,65,49
523912394,120,59,61,64
523912481,26,12,14,12
523912482,27,11,16,16
523912484,47,27,20,16
523912491,20,8,12,10
523912492,62,32,30,27
523912493,19,8,11,11
523912494,41,20,21,22
523912582,15,7,8,7
523912591,59,35,24,27
523912592,29,13,16,12
523913012,12,6,6,4
523913144,3,0,3,2
523913201,10,6,4,4
523913203,67,36,31,37
523913212,10,5,5,2
523913214,4,2,2,2
523913221,5,3,2,2
523913222,15,7,8,4
523913223,12,7,5,4
523913224,13,7,6,7
523913233,1,0,1,1
523913242,2,1,1,1
523913243,2,1,1,1
523913301,37,22,15,23
523913302,2,1,1,2
523913303,163,79,84,70
523913304,92,43,49,43
523913312,21,10,11,11
523913313,33,18,15,14
523913314,3,1,2,1
523913321,27,15,12,11
523913322,2,2,0,2
523913324,11,6,5,4
523913332,55,22,33,25
523913333,145,66,79,78
523913334,25,12,13,11
523913341,3,2,1,1
523913401,51,26,25,24
523913402,33,16,17,16
523913403,24,9,15,8
523913411,136,68,68,71
523913412,8,4,4,4
523913413,118,60,58,67
523913414,7,3,4,4
523913422,36,19,17,17
523913431,46,19,27,26
523920002,11,6,5,4
523920011,1,0,1,1
523920031,6,2,4,4
523920032,42,22,20,25
523920033,1,1,0,1
523920034,3,2,1,1
523920042,4,2,2,2
523920051,86,41,45,30
523920052,43,19,24,17
523920053,49,18,31,17
523920054,149,69,80,52
523920061,1,1,0,1
523920063,31,17,14,17
523920151,24,9,15,10
523920152,294,131,163,107
523920153,19,7,12,7
523920154,88,43,45,46
523920161,35,21,14,13
523920163,66,35,31,29
523920242,5,2,3,2
523920252,12,6,6,7
523920254,91,43,48,39
523920263,20,10,10,8
523920264,6,2,4,3
523920273,8,4,4,4
523920351,39,18,21,21
523920352,83,39,44,46
523920353,22,9,13,14
523920354,2,1,1,1
523920361,41,22,19,25
523920362,44,22,22,16
523920364,15,6,9,6
523920371,277,137,140,132
523920372,18,2,16,16
523920373,76,33,43,37
523920374,55,27,28,32
523920434,1,0,1,1
523920443,2,1,1,1
523920461,22,9,13,12
523920462,57,27,30,32
523920463,7,4,3,3
523920464,105,45,60,55
523920471,30,9,21,4
523920472,94,43,51,46
523920474,305,137,168,117
523920481,265,130,135,91
523920483,532,238,294,219
523920484,133,70,63,57
523920493,58,14,44,1
523920532,7,3,4,4
523920533,8,3,5,4
523920534,2,1,1,1
523920572,107,53,54,43
523920574,133,60,73,57
523920581,720,347,373,293
523920582,427,175,252,144
523920583,264,130,134,118
523920584,162,70,92,71
523920591,395,144,251,125
523920592,26,12,14,10
523920593,318,154,164,138
523920594,150,72,78,58
523920622,5,3,2,4
523920623,10,5,5,10
523920631,1,0,1,1
523920633,1,1,0,1
523920664,48,25,23,13
523920672,151,68,83,70
523920673,120,58,62,46
523920674,208,93,115,96
523920681,235,111,124,112
523920682,188,89,99,87
523920683,143,70,73,70
523920684,111,53,58,49
523920691,239,109,130,96
523920692,129,60,69,72
523920693,151,76,75,75
523920694,145,67,78,67
523920714,4,2,2,2
523920721,28,18,10,18
523920722,1,0,1,1
523920723,15,7,8,8
523920731,5,3,2,3
523920762,243,113,130,88
523920764,123,59,64,37
523920771,177,92,85,78
523920772,170,79,91,79
523920773,96,47,49,31
523920774,112,60,52,52
523920781,168,78,90,70
523920782,218,105,113,99
523920783,215,103,112,105
523920784,225,112,113,98
523920791,148,68,80,61
523920792,80,40,40,36
523920793,193,97,96,82
523920794,94,43,51,43
523920821,12,6,6,8
523920823,11,7,4,8
523920831,2,1,1,2
523920862,58,34,24,24
523920864,1,1,0,1
523920871,5,1,4,1
523920874,6,2,4,4
523920881,149,67,82,69
523920882,209,98,111,98
523920883,88,44,44,43
523920884,208,91,117,100
523920891,122,54,68,63
523920892,95,46,49,54
523920893,210,95,115,102
523920894,41,20,21,22
523920964,11,5,6,4
523920971,27,15,12,9
523920972,17,7,10,8
523920973,11,7,4,3
523920974,77,40,37,35
523920981,84,42,42,39
523920982,208,99,109,107
523920983,87,38,49,44
523920984,183,84,99,89
523920991,121,61,60,57
523920992,56,31,25,31
523920994,17,9,8,7
523921503,21,13,8,10
523921601,13,7,6,6
523921603,236,104,132,98
523921604,65,30,35,26
523921701,177,87,90,79
523921702,205,98,107,80
523921703,86,38,48,36
523921704,50,20,30,17
523921711,4,2,2,2
523921801,189,88,101,72
523921802,36,16,20,10
523921803,76,37,39,31
523921804,752,346,406,265
523921813,44,24,20,16
523921901,256,121,135,89
523921902,338,161,177,135
523921903,131,64,67,57
523921904,141,53,88,33
523921911,39,18,21,17
523926864,6,2,4,2
523926872,6,2,4,3
523926873,164,75,89,70
523926874,169,76,93,67
523926883,45,22,23,15
523926884,2,0,2,2
523926893,6,2,4,2
523926894,366,167,199,138
523926954,70,31,39,30
523926961,11,4,7,5
523926963,58,26,32,28
523926971,58,30,28,21
523926972,161,74,87,59
523926981,95,40,55,32
523926982,81,41,40,36
523926991,123,53,70,49
523926992,202,98,104,78
523926994,163,76,87,64
523927801,54,19,35,1
523927802,62,28,34,31
523927803,168,77,91,59
523927804,399,193,206,158
523927811,79,35,44,28
523927813,382,171,211,156
523927814,353,168,185,137
523927823,318,144,174,133
523927824,192,84,108,78
523927833,22,8,14,8
523927901,32,14,18,12
523927902,120,55,65,41
523927903,15,7,8,5
523927904,7,3,4,2
523927911,78,31,47,31
523927912,316,146,170,121
523927921,270,120,150,101
523927922,204,93,111,74
523927931,319,133,186,120
523927932,199,93,106,79
523927933,18,7,11,8
523927934,98,47,51,37
523927941,38,18,20,13
523927943,96,43,53,34
523927944,28,13,15,7
523930001,14,8,6,6
523930003,134,68,66,44
523930014,255,163,92,45
523930023,9,5,4,3
523930024,3,1,2,1
523930071,198,102,96,75
523930072,245,118,127,94
523930073,83,37,46,30
523930074,199,98,101,82
523930081,201,97,104,90
523930082,53,24,29,17
523930083,181,89,92,78
523930084,71,30,41,32
523930091,2,1,1,1
523930092,51,27,24,19
523930093,24,12,12,12
523930101,149,75,74,45
523930103,111,49,62,36
523930111,20,11,9,17
523930112,84,26,58,79
523930113,1,0,1,1
523930114,108,43,65,13
523930121,3,2,1,1
523930163,14,7,7,3
523930171,112,46,66,40
523930172,564,271,293,203
523930173,471,216,255,176
523930174,1080,529,551,371
523930181,58,32,26,31
523930182,19,8,11,8
523930183,102,46,56,22
523930184,103,51,52,44
523930191,60,31,29,32
523930192,4,1,3,2
523930193,54,27,27,24
523930194,419,198,221,148
523930201,42,21,21,16
523930221,8,5,3,2
523930222,4,2,2,1
523930223,65,33,32,16
523930244,4,1,3,2
523930252,75,22,53,7
523930253,4,2,2,1
523930254,26,13,13,8
523930261,130,67,63,59
523930262,164,72,92,69
523930264,715,315,400,281
523930271,738,347,391,276
523930272,27,14,13,10
523930273,647,305,342,232
523930274,741,338,403,267
523930281,162,87,75,54
523930282,76,38,38,30
523930283,49,23,26,21
523930291,645,327,318,246
523930292,630,306,324,258
523930293,201,99,102,79
523930294,134,67,67,53
523930302,29,15,14,13
523930303,30,14,16,14
523930304,51,28,23,30
523930311,12,7,5,8
523930312,4,2,2,1
523930313,23,13,10,12
523930314,4,1,3,2
523930321,192,88,104,51
523930323,198,96,102,61
523930324,70,37,33,24
523930361,43,17,26,17
523930362,433,188,245,180
523930363,122,56,66,47
523930364,256,127,129,103
523930371,807,376,431,276
523930372,348,159,189,135
523930373,164,82,82,61
523930374,16,5,11,6
523930381,15,8,7,5
523930382,179,88,91,58
523930383,59,29,30,22
523930384,452,218,234,158
523930391,540,260,280,200
523930392,198,86,112,76
523930393,559,273,286,194
523930394,1620,734,886,628
523930401,72,34,38,20
523930402,48,19,29,17
523930403,76,35,41,25
523930404,24,10,14,11
523930411,14,8,6,6
523930422,139,68,71,41
523930424,21,10,11,5
523930451,2,1,1,1
523930452,3,2,1,3
523930453,12,4,8,7
523930454,37,17,20,22
523930462,241,117,124,94
523930463,155,74,81,66
523930464,879,407,472,372
523930471,586,287,299,239
523930472,419,199,220,176
523930473,1218,589,629,628
523930474,173,73,100,69
523930481,320,150,170,118
523930482,1341,671,670,553
523930483,479,226,253,198
523930484,854,407,447,325
523930491,945,439,506,365
523930492,954,463,491,400
523930493,567,283,284,220
523930494,378,176,202,137
523930501,102,50,52,30
523930503,115,53,62,36
523930504,43,21,22,11
523930511,3,1,2,1
523930513,33,19,14,11
523930522,7,4,3,2
523930552,27,15,12,16
523930561,62,30,32,27
523930562,469,247,222,205
523930563,62,28,34,45
523930564,137,71,66,56
523930571,913,428,485,433
523930572,364,173,191,167
523930573,1031,441,590,516
523930574,1656,762,894,764
523930581,442,198,244,198
523930582,81,40,41,27
523930583,1551,712,839,668
523930584,206,86,120,74
523930591,632,315,317,253
523930592,170,78,92,52
523930593,6,2,4,2
523930594,7,2,5,2
523930601,16,7,9,3
523930603,5,1,4,2
523930632,1,1,0,1
523930661,14,8,6,7
523930662,131,53,78,73
523930664,338,159,179,149
523930671,1551,679,872,782
523930672,1644,731,913,770
523930673,1209,529,680,580
523930674,1718,756,962,740
523930681,1625,739,886,725
523930682,784,366,418,314
523930683,27,17,10,18
523930684,173,75,98,73
523930691,20,9,11,10
523930693,131,58,73,54
523930694,16,8,8,5
523930721,9,5,4,4
523930723,9,4,5,4
523930724,5,2,3,3
523930742,6,4,2,1
523930744,30,15,15,7
523930751,14,9,5,4
523930753,18,11,7,5
523930763,23,10,13,9
523930764,168,83,85,73
523930771,970,448,522,460
523930772,283,125,158,118
523930773,241,115,126,111
523930822,10,6,4,7
523930841,1,0,1,1
523930843,76,34,42,39
523930844,1,0,1,1
523930852,4,2,2,2
523930861,4,2,2,1
523930862,8,4,4,3
523930864,9,6,3,4
523930871,77,41,36,39
523930873,57,29,28,35
523930941,54,24,30,30
523930942,62,32,30,31
523930943,4,2,2,2
523930944,74,37,37,39
523930953,113,52,61,43
523930954,18,8,10,8
523930961,15,7,8,5
523930962,40,22,18,16
523930963,2,1,1,1
523930964,102,50,52,44
523930971,11,3,8,11
523931001,17,10,7,7
523931002,66,31,35,23
523931003,53,27,26,24
523931004,103,51,52,29
523931013,104,51,53,35
523931101,47,24,23,18
523931102,114,59,55,46
523931103,87,37,50,36
523931104,40,19,21,16
523931111,36,16,20,19
523931201,6,3,3,1
523931202,4,2,2,2
523931203,2,1,1,1
523931211,5,3,2,1
523931301,113,52,61,48
523931302,29,16,13,13
523931303,1362,638,724,519
523931304,528,252,276,163
523931311,6,3,3,2
523931313,127,54,73,46
523931401,539,244,295,211
523931402,469,222,247,178
523936052,67,25,42,26
523936054,9,4,5,6
523936061,314,139,175,135
523936063,512,235,277,204
523936064,120,56,64,44
523936071,1,0,1,1
523936073,38,18,20,17
523936074,30,14,16,10
523936082,4,2,2,1
523936083,36,18,18,14
523936084,31,17,14,14
523936092,14,8,6,6
523936093,7,2,5,2
523936161,126,53,73,64
523936162,281,136,145,100
523936163,12,4,8,5
523936164,126,57,69,43
523936171,137,74,63,46
523936172,97,50,47,32
523936173,76,34,42,31
523936174,135,73,62,18
523936181,82,45,37,25
523936182,79,36,43,27
523936184,5,2,3,1
523936191,81,37,44,25
523936192,9,3,6,2
523936193,74,35,39,25
523936194,64,27,37,25
523936254,1,0,1,1
523936261,22,11,11,6
523936262,243,112,131,95
523936263,4,1,3,2
523936271,113,55,58,49
523936272,48,24,24,16
523936273,83,41,42,34
523936274,32,16,16,14
523936281,1,1,0,1
523936282,57,27,30,15
523936283,67,30,37,22
523936284,1,1,0,1
523936291,123,59,64,42
523936292,19,8,11,9
523936294,37,15,22,10
523936352,16,8,8,9
523936353,42,19,23,12
523936354,27,12,15,8
523936361,38,16,22,15
523936362,131,61,70,39
523936363,87,44,43,30
523936364,100,51,49,31
523936371,56,25,31,22
523936372,65,30,35,28
523936373,13,8,5,6
523936374,16,6,10,5
523936381,68,32,36,23
523936392,32,15,17,14
523936414,186,73,113,65
523936423,53,24,29,22
523936424,45,18,27,18
523936431,13,4,9,4
523936433,24,9,15,8
523936434,97,45,52,29
523936441,8,5,3,5
523936442,5,5,0,5
523936443,5,3,2,3
523936451,48,26,22,20
523936452,62,32,30,19
523936453,37,15,22,8
523936454,6,3,3,1
523936461,169,81,88,46
523936462,65,29,36,24
523936463,21,8,13,6
523936464,14,7,7,6
523936471,73,34,39,27
523936472,11,4,7,2
523936473,41,23,18,16
523936474,26,16,10,11
523936483,52,25,27,17
523936484,27,10,17,10
523936493,37,20,17,10
523936494,9,4,5,4
523936502,118,51,67,44
523936504,97,44,53,39
523936511,28,14,14,11
523936512,2,1,1,1
523936522,35,16,19,13
523936531,57,30,27,21
523936532,18,8,10,7
523936533,24,12,12,9
523936534,17,8,9,7
523936571,3,1,2,2
523936581,3,1,2,2
523936582,12,6,6,4
523936584,16,7,9,5
523936591,43,21,22,19
523936592,31,12,19,8
523936593,18,8,10,5
523936594,43,22,21,16
523936601,16,9,7,5
523936602,117,62,55,33
523936603,87,45,42,29
523936604,101,49,52,33
523936613,19,7,12,5
523936614,65,29,36,28
523936622,103,31,72,24
523936623,87,39,48,36
523936624,182,87,95,67
523936631,115,54,61,50
523936632,94,42,52,41
523936633,112,55,57,38
523936634,83,42,41,48
523936641,40,20,20,18
523936643,106,45,61,45
523936644,134,64,70,60
523936653,38,16,22,14
523936654,18,9,9,5
523936674,23,10,13,10
523936684,19,9,10,7
523936691,5,2,3,3
523936692,97,49,48,34
523936693,174,88,86,67
523936694,137,65,72,57
523936701,5,2,3,3
523936702,31,15,16,14
523936711,8,4,4,3
523936712,75,35,40,32
523936721,8,3,5,4
523936722,9,3,6,4
523936741,40,16,24,15
523936742,179,58,121,43
523936751,159,75,84,63
523936752,81,34,47,39
523936754,51,26,25,25
523936761,374,151,223,147
523936762,269,143,126,116
523936763,653,374,279,239
523936764,691,325,366,320
523936771,192,89,103,83
523936772,60,28,32,26
523936773,524,259,265,229
523936774,814,389,425,355
523936781,262,125,137,95
523936782,676,333,343,243
523936783,762,369,393,306
523936784,696,324,372,305
523936791,556,271,285,232
523936792,220,108,112,87
523936793,796,387,409,318
523936794,400,187,213,165
523936861,407,211,196,147
523936862,54,27,27,22
523936871,498,415,83,50
523936872,368,200,168,183
523936881,1018,492,526,323
523936882,1360,619,741,584
523936883,151,71,80,66
523936884,873,403,470,382
523936891,1184,565,619,510
523936892,789,390,399,382
523936893,964,439,525,446
523936894,586,270,316,257
523936982,478,207,271,232
523936984,294,139,155,143
523936991,912,434,478,410
523936992,388,157,231,162
523936993,842,382,460,391
523936994,535,251,284,222
523937002,22,11,11,6
523937004,17,8,9,7
523937013,9,3,6,4
523937042,10,5,5,4
523937044,37,18,19,14
523937051,26,11,15,8
523937053,503,230,273,172
523937054,4,2,2,1
523937112,6,3,3,3
523937114,1,1,0,1
523937123,11,6,5,5
523937124,2,1,1,1
523937151,127,58,69,45
523937152,258,125,133,90
523937154,451,206,245,166
523937163,93,43,50,28
523937222,67,30,37,25
523937224,10,4,6,6
523937231,31,16,15,9
523937252,99,48,51,31
523937254,31,10,21,10
523937261,302,149,153,111
523937262,65,26,39,21
523937263,128,57,71,48
523937264,117,52,65,46
523937301,63,34,29,27
523937302,47,21,26,21
523937311,28,11,17,10
523937361,3,2,1,1
523937362,334,152,182,113
523937363,28,13,15,8
523937364,239,117,122,80
523937371,48,20,28,16
523937373,341,147,194,92
523937404,2,0,2,1
523937434,1,0,1,1
523937443,16,6,10,5
523937444,11,4,7,3
523937453,2,1,1,1
523937454,97,48,49,31
523937462,598,286,312,229
523937463,7,4,3,2
523937464,591,275,316,243
523937471,223,107,116,86
523937473,26,8,18,18
523937501,33,14,19,11
523937502,6,4,2,1
523937503,119,57,62,39
523937504,7,3,4,3
523937513,25,12,13,8
523937514,5,3,2,1
523937542,8,4,4,2
523937552,85,43,42,29
523937561,228,103,125,83
523937562,1102,499,603,396
523937563,412,204,208,158
523937564,445,204,241,178
523937571,24,8,16,16
523937601,71,33,38,28
523937602,52,24,28,18
523937603,84,37,47,29
523937604,65,31,34,16
523937611,119,65,54,33
523937612,6,3,3,3
523937613,59,26,33,18
523937622,15,9,6,6
523937624,13,6,7,4
523937631,13,7,6,4
523937633,55,30,25,18
523937634,36,22,14,14
523937643,42,18,24,13
523937644,49,18,31,13
523937652,12,6,6,3
523937653,16,7,9,4
523937661,350,158,192,124
523937662,258,110,148,85
523937663,300,142,158,115
523937664,201,91,110,87
523937673,6,3,3,2
523937701,257,119,138,88
523937702,67,30,37,30
523937703,121,56,65,45
523937704,42,20,22,15
523937711,118,56,62,39
523937712,110,51,59,33
523937713,13,6,7,5
523937714,15,8,7,5
523937721,3,1,2,2
523937732,25,14,11,8
523937741,76,39,37,29
523937742,38,17,21,15
523937743,11,4,7,2
523937744,93,48,45,31
523937751,19,12,7,8
523937752,15,7,8,5
523937753,46,19,27,20
523937754,197,95,102,79
523937761,419,204,215,172
523937762,321,151,170,128
523937763,351,164,187,119
523937764,177,92,85,68
523937771,51,26,25,24
523937773,183,80,103,71
523937801,243,114,129,96
523937802,139,64,75,49
523937803,245,119,126,92
523937804,222,120,102,107
523937811,52,23,29,18
523937812,83,32,51,29
523937813,191,95,96,62
523937814,209,103,106,66
523937821,60,48,12,43
523937823,51,28,23,15
523937824,3,2,1,1
523937831,4,1,3,1
523937832,2,1,1,1
523937833,58,30,28,21
523937834,45,21,24,17
523937841,27,14,13,7
523937843,15,7,8,7
523937844,17,8,9,7
523937851,26,11,15,12
523937852,152,75,77,58
523937853,47,20,27,15
523937854,32,15,17,12
523937861,80,38,42,29
523937862,117,60,57,34
523937863,22,11,11,6
523937864,92,46,46,31
523937871,426,199,227,138
523937872,110,54,56,42
523937873,335,152,183,113
523937874,125,55,70,37
523937901,310,138,172,120
523937902,266,163,103,165
523937903,695,346,349,259
523937904,8,5,3,5
523937911,167,80,87,60
523937912,3,1,2,1
523937913,279,140,139,101
523937914,70,31,39,25
523937921,13,6,7,4
523937922,34,16,18,14
523937923,165,82,83,59
523937924,113,57,56,43
523937931,56,29,27,17
523937932,163,76,87,53
523937933,186,82,104,69
523937934,53,25,28,23
523937952,5,3,2,1
523937953,72,37,35,26
523937954,1,1,0,1
523937961,101,47,54,31
523937962,54,28,26,26
523937963,11,7,4,3
523937964,33,16,17,15
523937971,157,76,81,46
523937972,4,1,3,2
523937973,70,37,33,22
523937974,31,21,10,8
523940001,18,9,9,7
523940002,78,78,0,1
523940014,12,6,6,3
523940023,7,3,4,3
523940041,28,18,10,10
523940042,53,23,30,29
523940043,4,2,2,3
523940044,6,2,4,4
523940051,365,143,222,91
523940052,648,312,336,245
523940053,23,10,13,12
523940054,286,141,145,107
523940061,1220,588,632,470
523940062,418,189,229,154
523940063,1737,830,907,759
523940064,945,428,517,355
523940073,48,25,23,19
523940074,35,13,22,14
523940101,5,3,2,2
523940103,35,17,18,9
523940104,88,42,46,25
523940112,46,20,26,12
523940113,23,9,14,8
523940123,6,2,4,1
523940142,23,10,13,11
523940151,23,13,10,9
523940152,47,22,25,20
523940153,14,8,6,5
523940154,440,206,234,151
523940161,1152,534,618,456
523940162,872,418,454,335
523940163,614,287,327,250
523940164,126,61,65,45
523940171,526,231,295,192
523940173,31,15,16,13
523940174,8,3,5,2
523940202,31,14,17,9
523940203,2,0,2,1
523940204,53,28,25,17
523940211,2,1,1,1
523940224,6,2,4,3
523940233,32,13,19,11
523940242,18,10,8,6
523940252,4,1,3,1
523940253,7,5,2,3
523940254,4,2,2,3
523940261,49,23,26,20
523940263,39,19,20,18
523940301,20,10,10,6
523940302,164,84,80,53
523940304,121,56,65,33
523940311,69,39,30,21
523940313,73,35,38,22
523940332,7,4,3,3
523940364,16,9,7,7
523940374,19,9,10,11
523940401,60,28,32,16
523940402,49,25,24,17
523940403,31,11,20,9
523940444,56,27,29,26
523940452,75,37,38,27
523940453,135,60,75,48
523940454,44,22,22,17
523940461,96,47,49,39
523940462,84,38,46,42
523940463,581,284,297,235
523940464,40,16,24,18
523940471,30,15,15,18
523940472,41,11,30,31
523940473,30,14,16,14
523940474,72,28,44,57
523940501,6,3,3,2
523940534,3,2,1,1
523940541,4,3,1,1
523940542,15,8,7,3
523940544,126,64,62,49
523940551,727,355,372,286
523940552,673,305,368,261
523940553,760,359,401,294
523940554,1039,496,543,362
523940561,530,232,298,224
523940562,912,430,482,374
523940563,81,36,45,37
523940564,36,24,12,2
523940571,124,64,60,61
523940572,89,42,47,43
523940573,1240,572,668,506
523940574,108,52,56,45
523940611,13,13,0,13
523940621,26,16,10,13
523940642,34,17,17,11
523940651,414,200,214,144
523940652,343,168,175,133
523940653,146,69,77,62
523940654,53,25,28,19
523940703,22,10,12,12
523940742,2,1,1,1
523940751,191,93,98,74
523940752,1200,547,653,462
523940753,515,256,259,203
523940754,656,316,340,283
523940801,1,1,0,1
523940802,1,1,0,1
523940804,12,7,5,6
523940813,17,7,10,10
523940834,15,6,9,9
523940841,10,5,5,4
523940842,15,9,6,4
523940843,123,59,64,56
523940844,61,27,34,36
523940851,212,93,119,81
523940852,23,12,11,6
523940853,100,20,80,7
523940861,104,53,51,92
523940901,10,4,6,5
523940902,35,15,20,19
523940903,159,75,84,77
523940904,127,55,72,65
523940911,50,24,26,23
523940913,119,57,62,58
523940932,34,17,17,20
523940934,13,5,8,7
523940941,28,16,12,15
523940942,44,21,23,20
523940943,12,4,8,9
523940953,50,22,28,20
523940954,53,26,27,35
523941433,13,5,8,2
523941434,278,157,121,185
523941532,62,39,23,61
523946082,594,273,321,277
523946084,64,33,31,33
523946091,862,393,469,370
523946092,446,204,242,179
523946093,596,280,316,222
523946094,336,160,176,130
523946182,84,39,45,30
523946184,415,200,215,176
523946191,671,283,388,216
523946192,418,198,220,157
523946193,84,45,39,30
523946194,48,23,25,17
523946273,24,12,12,11
523946274,24,14,10,8
523946281,16,6,10,8
523946282,602,281,321,247
523946283,403,194,209,148
523946284,804,371,433,342
523946291,128,59,69,53
523946292,242,111,131,75
523946293,640,310,330,242
523946294,164,83,81,54
523946363,4,2,2,2
523946364,81,39,42,38
523946371,808,373,435,328
523946372,915,410,505,337
523946373,396,191,205,134
523946374,359,182,177,129
523946381,833,396,437,327
523946382,23,11,12,11
523946383,257,134,123,100
523946384,23,11,12,6
523946391,214,103,111,79
523946392,158,80,78,61
523946393,52,25,27,19
523946394,42,21,21,14
523946452,66,33,33,29
523946461,473,229,244,157
523946462,294,140,154,80
523946463,355,160,195,120
523946464,270,126,144,101
523946471,17,7,10,7
523946472,100,49,51,37
523946473,137,71,66,39
523946474,83,40,43,31
523946481,105,44,61,37
523946482,22,8,14,10
523946483,38,20,18,15
523946484,52,26,26,22
523946491,24,9,15,8
523946492,2,2,0,1
523946493,67,27,40,23
523946494,24,13,11,8
523946561,13,8,5,6
523946562,868,412,456,314
523946564,292,137,155,107
523946571,154,75,79,54
523946572,72,37,35,26
523946573,16,6,10,8
523946581,60,32,28,20
523946582,44,21,23,12
523946583,25,11,14,12
523946584,57,29,28,21
523946591,10,5,5,2
523946661,122,64,58,36
523946662,315,151,164,96
523946663,150,69,81,55
523946672,2,1,1,1
523946674,23,11,12,8
523946681,93,29,64,13
523946682,30,14,16,9
523946684,45,25,20,12
523946692,2,1,1,1
523946693,18,9,9,7
523946694,10,5,5,4
523946752,1,0,1,1
523946754,54,27,27,18
523946761,387,171,216,129
523946763,155,69,86,49
523946772,33,17,16,7
523946774,2,1,1,1
523946781,27,14,13,11
523946782,36,17,19,13
523946784,25,13,12,7
523946791,18,8,10,6
523946793,54,31,23,15
523946794,3,2,1,1
523946852,113,53,60,34
523946861,2,1,1,1
523946891,29,16,13,8
523946892,30,12,18,9
523946894,1,0,1,1
523946962,114,54,60,48
523946971,75,46,29,37
523946973,55,25,30,21
523946974,13,5,8,6
523947001,355,169,186,133
523947002,57,19,38,26
523947003,320,154,166,121
523947004,122,64,58,47
523947011,204,100,104,79
523947012,165,81,84,60
523947013,164,89,75,69
523947014,202,95,107,77
523947021,76,40,36,23
523947022,5,1,4,2
523947023,215,107,108,77
523947024,23,12,11,8
523947031,167,77,90,53
523947032,204,95,109,77
523947033,92,49,43,34
523947034,43,22,21,18
523947041,35,17,18,11
523947042,42,21,21,16
523947043,52,25,27,15
523947044,70,36,34,21
523947062,69,33,36,21
523947063,2,1,1,1
523947064,25,12,13,11
523947071,76,34,42,29
523947072,150,75,75,47
523947073,67,28,39,23
523947074,182,86,96,60
523947083,9,5,4,2
523947101,256,126,130,98
523947102,245,112,133,95
523947104,92,43,49,35
523947111,148,68,80,52
523947112,75,37,38,22
523947113,226,113,113,73
523947114,28,17,11,7
523947121,43,21,22,15
523947122,29,16,13,10
523947123,52,24,28,20
523947124,54,31,23,19
523947131,86,33,53,22
523947132,36,16,20,12
523947133,2,1,1,1
523947134,46,24,22,16
523947141,80,44,36,21
523947142,41,20,21,13
523947143,24,14,10,10
523947144,16,7,9,3
523947151,27,13,14,9
523947152,65,33,32,23
523947153,69,35,34,18
523947154,71,37,34,23
523947161,54,26,28,19
523947162,36,18,18,11
523947163,46,23,23,16
523947164,86,38,48,31
523947171,50,26,24,17
523947172,31,14,17,13
523947173,189,87,102,70
523947174,22,8,14,7
523947181,29,15,14,12
523947183,9,6,3,7
523947201,212,97,115,77
523947202,194,101,93,62
523947203,175,82,93,72
523947204,144,70,74,48
523947211,150,66,84,55
523947212,91,43,48,27
523947213,144,72,72,49
523947214,326,173,153,27
523947221,9,5,4,5
523947222,39,19,20,16
523947223,80,43,37,27
523947224,23,10,13,8
523947231,51,27,24,14
523947232,8,5,3,4
523947233,81,39,42,26
523947234,45,21,24,16
523947241,54,26,28,15
523947243,7,4,3,2
523947244,1,0,1,1
523947251,66,29,37,20
523947252,142,65,77,49
523947253,13,6,7,4
523947254,35,16,19,8
523947261,89,47,42,27
523947262,143,74,69,51
523947263,15,7,8,5
523947264,170,71,99,63
523947271,201,94,107,70
523947272,22,9,13,10
523947273,29,16,13,12
523947274,8,4,4,4
523947281,236,116,120,87
523947282,90,45,45,27
523947283,119,53,66,38
523947284,208,96,112,78
523947293,180,88,92,65
523947301,89,49,40,34
523947302,18,7,11,6
523947303,98,43,55,37
523947304,52,24,28,15
523947311,35,16,19,12
523947312,70,39,31,21
523947313,95,32,63,15
523947314,211,101,110,63
523947321,64,30,34,16
523947322,79,42,37,23
523947323,118,28,90,8
523947324,30,14,16,9
523947331,71,35,36,28
523947332,61,23,38,21
523947334,51,24,27,17
523947341,83,40,43,26
523947343,12,6,6,5
523947344,9,6,3,2
523947351,74,33,41,26
523947352,125,56,69,42
523947353,43,20,23,16
523947354,53,27,26,15
523947361,32,12,20,12
523947362,50,27,23,16
523947363,51,25,26,17
523947364,32,17,15,12
523947371,76,35,41,26
523947372,49,24,25,16
523947373,15,7,8,5
523947374,78,37,41,22
523947381,51,23,28,16
523947383,41,23,18,13
523947384,74,38,36,21
523947391,213,81,132,52
523947392,123,53,70,47
523947393,22,10,12,10
523947394,110,52,58,33
523947402,33,17,16,10
523947403,10,4,6,3
523947404,7,4,3,4
523947411,169,78,91,50
523947412,25,14,11,7
523947413,57,22,35,18
523947414,46,25,21,15
523947421,46,23,23,16
523947422,11,4,7,3
523947423,142,63,79,37
523947424,36,14,22,17
523947432,30,13,17,10
523947433,33,16,17,14
523947434,36,16,20,14
523947441,31,15,16,10
523947443,43,19,24,10
523947444,24,11,13,6
523947451,7,2,5,1
523947452,70,36,34,23
523947453,7,4,3,2
523947454,40,20,20,11
523947461,46,26,20,15
523947462,54,24,30,16
523947463,77,41,36,27
523947464,45,20,25,18
523947471,81,38,43,27
523947472,41,19,22,12
523947473,27,13,14,6
523947474,38,20,18,13
523947481,2,1,1,2
523947482,15,7,8,4
523947483,4,2,2,2
523947484,65,29,36,19
523947492,6,3,3,2
523947493,99,48,51,33
523947494,70,39,31,24
523947511,13,7,6,4
523947512,128,63,65,39
523947513,17,6,11,5
523947514,62,31,31,17
523947521,27,13,14,11
523947522,6,3,3,2
523947523,7,4,3,3
523947531,17,8,9,7
523947532,42,19,23,14
523947541,46,20,26,20
523947542,58,27,31,20
523947543,5,2,3,3
523947544,13,6,7,2
523947551,16,9,7,4
523947552,35,18,17,9
523947553,13,5,8,3
523947554,16,6,10,6
523947561,56,30,26,18
523947562,46,20,26,17
523947563,54,27,27,17
523947564,79,37,42,28
523947571,51,25,26,16
523947572,11,6,5,4
523947573,33,13,20,9
523947582,2,2,0,1
523947591,134,73,61,46
523947592,83,38,45,26
523947593,66,32,34,17
523947594,37,18,19,9
523947611,9,4,5,4
523947612,72,37,35,23
523947613,50,22,28,16
523947614,82,41,41,32
523947623,5,3,2,2
523947641,2,1,1,1
523947651,11,5,6,5
523947652,41,21,20,14
523947653,22,10,12,6
523947654,60,30,30,21
523947661,55,27,28,21
523947662,22,11,11,9
523947663,86,45,41,23
523947664,131,46,85,14
523947671,24,13,11,5
523947672,2,1,1,1
523947674,22,11,11,8
523947682,24,12,12,7
523947684,89,55,34,14
523947691,115,58,57,36
523947692,21,11,10,6
523947693,36,17,19,13
523947694,27,12,15,8
523947711,36,21,15,18
523947712,52,30,22,19
523947714,47,20,27,13
523947721,50,26,24,15
523947722,24,11,13,9
523947723,33,16,17,9
523947724,41,19,22,12
523947732,14,7,7,4
523947733,15,8,7,6
523947734,29,14,15,11
523947742,2,1,1,1
523947743,9,4,5,3
523947751,19,11,8,6
523947752,21,8,13,9
523947754,4,2,2,3
523947761,42,18,24,13
523947762,44,20,24,13
523947763,10,3,7,4
523947764,74,39,35,29
523947771,8,3,5,2
523947773,35,18,17,12
523947774,20,10,10,7
523947782,17,8,9,5
523947791,12,6,6,4
523947792,38,19,19,14
523947794,12,8,4,4
523947801,1,1,0,1
523947812,55,33,22,14
523947814,6,4,2,2
523947821,17,7,10,4
523947822,6,2,4,2
523947823,19,9,10,5
523947831,15,7,8,5
523947832,3,2,1,2
523947833,6,3,3,2
523947841,36,17,19,11
523947842,13,7,6,6
523947851,5,3,2,2
523947852,7,2,5,4
523947861,20,11,9,6
523947862,24,12,12,9
523947863,8,5,3,4
523947864,16,6,10,6
523947871,6,4,2,3
523947884,2,2,0,1
523947892,13,7,6,4
523947893,8,5,3,1
523947894,15,9,6,4
523947912,54,26,28,18
523947921,16,8,8,8
523947923,58,29,29,22
523947952,3,1,2,1
523947961,4,3,1,3
523947962,2,1,1,1
523947971,19,7,12,6
523947972,14,7,7,3
523947974,8,4,4,3
523947992,26,10,16,8
523947993,34,14,20,10
523947994,19,11,8,8
523950001,97,44,53,45
523950002,160,72,88,79
523950003,7,3,4,5
523950004,162,77,85,76
523950011,218,111,107,109
523950012,5,1,4,3
523950013,239,105,134,66
523950032,800,351,449,369
523950034,336,158,178,140
523950041,617,292,325,236
523950042,731,338,393,373
523950043,41,19,22,17
523950044,38,16,22,16
523950051,1130,530,600,517
523950052,347,167,180,165
523950053,1314,575,739,672
523950054,1987,881,1106,1152
523950061,93,34,59,90
523950063,41,13,28,27
523950101,10,5,5,3
523950102,21,11,10,5
523950104,53,29,24,15
523950111,115,42,73,16
523950112,10,6,4,2
523950113,65,34,31,17
523950114,81,46,35,23
523950142,37,16,21,17
523950143,11,7,4,5
523950144,405,171,234,221
523950151,924,384,540,514
523950152,2807,1217,1590,1481
523950153,1221,566,655,624
523950154,1605,715,890,827
523950161,95,41,54,56
523950163,224,101,123,136
523950201,153,72,81,43
523950202,81,42,39,25
523950204,22,10,12,6
523950211,9,5,4,2
523950212,70,31,39,13
523950213,118,57,61,36
523950214,32,17,15,6
523950231,9,4,5,3
523950232,68,22,46,56
523950233,60,28,32,27
523950234,465,208,257,157
523950241,327,132,195,190
523950242,423,157,266,185
523950243,172,75,97,58
523950244,365,149,216,121
523950251,364,162,202,171
523950252,466,187,279,245
523950253,894,375,519,446
523950254,231,105,126,129
523950261,937,441,496,514
523950262,76,40,36,41
523950263,601,275,326,344
523950264,565,247,318,337
523950301,32,15,17,13
523950303,9,5,4,4
523950304,3,1,2,1
523950313,7,4,3,2
523950331,457,191,266,273
523950332,65,28,37,35
523950341,5,3,2,3
523950342,11,5,6,4
523950343,42,9,33,1
523950344,7,4,3,4
523950351,808,350,458,364
523950353,51,23,28,25
523950354,7,3,4,1
523950361,74,29,45,36
523950362,620,269,351,356
523950363,493,234,259,196
523950364,853,391,462,399
523950373,358,137,221,254
523950401,19,7,12,5
523950402,17,9,8,4
523950403,31,13,18,2
523950411,150,74,76,42
523950413,50,20,30,14
523950414,6,2,4,2
523950442,25,14,11,13
523950451,1,1,0,1
523950454,11,4,7,7
523950461,34,13,21,14
523950462,78,34,44,30
523950463,776,324,452,361
523950464,359,138,221,208
523950471,32,16,16,11
523950472,88,37,51,39
523950474,30,13,17,13
523950511,129,60,69,30
523950544,52,28,24,17
523950561,7,3,4,4
523950562,32,17,15,20
523950563,106,47,59,47
523950564,36,14,22,17
523950572,21,10,11,7
523950574,6,3,3,2
523950581,7,3,4,2
523950584,94,35,59,56
523950601,8,4,4,3
523950644,26,10,16,6
523950651,53,28,25,19
523950652,33,14,19,13
523950653,71,29,42,29
523950654,119,57,62,46
523950661,373,172,201,162
523950662,21,9,12,11
523950663,93,41,52,32
523950664,511,228,283,225
523950672,7,4,3,5
523950673,513,223,290,230
523950674,810,320,490,277
523950681,4,2,2,2
523950682,2,1,1,2
523950683,390,166,224,168
523950684,12,6,6,5
523950741,2,1,1,1
523950742,33,16,17,10
523950744,4,3,1,2
523950751,111,39,72,44
523950752,256,119,137,150
523950753,241,112,129,95
523950754,380,163,217,178
523950761,946,401,545,461
523950762,722,303,419,332
523950763,242,114,128,102
523950764,9,6,3,3
523950771,622,286,336,249
523950772,1501,668,833,643
523950773,160,82,78,60
523950774,158,79,79,62
523950781,2308,1036,1272,1072
523950782,2201,1041,1160,928
523950783,842,420,422,372
523950784,1893,899,994,759
523950791,140,67,73,61
523950793,1259,583,676,510
523950794,118,50,68,48
523950844,20,6,14,14
523950851,61,31,30,30
523950852,196,98,98,107
523950853,27,4,23,27
523950861,71,30,41,32
523950872,218,118,100,71
523950874,3,1,2,2
523950881,60,29,31,20
523950882,1505,682,823,420
523950883,3,2,1,1
523950884,1043,506,537,346
523950891,972,450,522,396
523950892,905,435,470,326
523950893,650,239,411,191
523950894,837,401,436,311
523950903,21,9,12,6
523950913,4,1,3,4
523950941,11,5,6,2
523950942,145,66,79,90
523950944,27,15,12,12
523950972,20,11,9,7
523950974,140,62,78,52
523950981,850,407,443,289
523950982,866,394,472,267
523950983,130,66,64,43
523950984,12,7,5,4
523950991,627,310,317,225
523950992,377,189,188,134
523950993,145,52,93,28
523950994,155,71,84,61
523951703,58,26,32,22
523951712,1,1,0,1
523951713,214,104,110,85
523951714,277,138,139,105
523951723,11,4,7,5
523951801,1032,494,538,398
523951802,543,253,290,212
523951803,984,456,528,364
523951804,1517,701,816,588
523951811,831,391,440,323
523951812,143,75,68,53
523951813,1423,674,749,541
523951814,24,11,13,12
523951901,843,401,442,291
523951902,967,449,518,364
523951903,45,21,24,19
523951904,130,60,70,42
523951911,811,371,440,296
523951913,283,137,146,103
523954682,25,13,12,10
523954691,478,250,228,179
523954692,108,46,62,39
523954693,297,142,155,136
523954694,1223,593,630,477
523954791,1690,814,876,670
523954792,1552,782,770,613
523954793,659,327,332,243
523954794,2041,987,1054,797
523954882,51,24,27,17
523954884,61,33,28,21
523954891,549,236,313,169
523954892,1098,442,656,334
523954893,76,32,44,28
523954894,98,43,55,48
523954982,11,5,6,4
523954991,83,39,44,26
523954992,667,319,348,259
523954994,27,14,13,9
523955601,17,9,8,7
523955603,573,284,289,223
523955604,29,15,14,8
523955614,5,3,2,1
523955701,1536,774,762,592
523955702,711,367,344,226
523955703,1914,947,967,727
523955704,584,291,293,205
523955711,4,2,2,1
523955712,107,56,51,22
523955714,119,58,61,32
523955721,228,110,118,45
523955722,2,1,1,1
523955723,64,32,32,15
523955731,73,39,34,21
523955732,264,133,131,67
523955733,405,210,195,116
523955734,305,154,151,83
523955741,66,34,32,18
523955743,187,95,92,45
523955801,1263,598,665,493
523955802,241,107,134,81
523955803,591,282,309,222
523955804,1419,708,711,469
523955812,1,1,0,1
523955813,252,115,137,97
523955814,6,3,3,1
523955822,39,17,22,8
523955824,52,27,25,16
523955831,192,100,92,60
523955832,264,126,138,69
523955833,264,130,134,74
523955834,58,29,29,18
523955901,653,329,324,256
523955902,753,373,380,238
523955911,976,458,518,346
523955913,59,27,32,22
523955914,23,15,8,11
523955921,88,43,45,31
523955922,301,146,155,100
523955923,146,75,71,42
523955924,505,263,242,162
523955931,12,4,8,5
523956071,136,62,74,41
523956072,437,200,237,154
523956073,107,57,50,31
523956074,540,254,286,195
523956081,78,42,36,28
523956082,29,13,16,10
523956083,269,136,133,100
523956084,75,32,43,28
523956091,9,4,5,4
523956092,14,5,9,5
523956093,16,7,9,8
523956094,139,68,71,50
523956171,148,74,74,51
523956172,389,185,204,143
523956173,80,39,41,24
523956174,204,94,110,59
523956181,271,125,146,91
523956182,86,44,42,30
523956183,7,5,2,3
523956184,39,20,19,12
523956191,126,56,70,45
523956192,14,8,6,8
523956193,2,2,0,2
523956261,257,128,129,103
523956262,47,21,26,17
523956263,64,32,32,25
523956264,226,109,117,88
523956271,43,16,27,13
523956272,93,43,50,33
523956273,90,48,42,16
523956274,80,33,47,26
523956281,11,3,8,3
523956282,49,19,30,16
523956283,11,5,6,5
523956284,10,5,5,6
523956291,66,29,37,20
523956293,40,16,24,18
523956294,136,67,69,45
523956354,15,5,10,3
523956361,874,428,446,328
523956362,560,269,291,201
523956363,656,308,348,250
523956364,384,180,204,155
523956371,383,192,191,134
523956372,142,70,72,46
523956373,93,45,48,34
523956374,129,63,66,48
523956382,37,17,20,9
523956394,7,4,3,3
523956461,305,149,156,93
523956462,398,188,210,132
523956464,135,59,76,37
523956472,7,2,5,3
523956473,76,38,38,21
523956474,26,12,14,6
523956481,26,15,11,6
523956482,82,38,44,33
523956483,6,4,2,3
523956484,40,21,19,14
523956491,57,30,27,19
523956492,109,46,63,37
523956493,62,30,32,21
523956494,49,28,21,17
523956562,24,11,13,8
523956564,10,5,5,2
523956571,91,43,48,27
523956573,200,100,100,76
523956574,20,7,13,6
523956583,4,2,2,1
523956584,22,12,10,7
523956591,7,4,3,3
523956592,6,3,3,1
523956593,34,20,14,15
523956662,56,25,31,21
523956664,303,143,160,118
523956671,425,211,214,165
523956672,6,4,2,2
523956673,672,298,374,262
523956674,183,84,99,68
523956681,8,5,3,4
523956683,4,2,2,2
523956694,5,3,2,1
523956762,308,151,157,128
523956763,12,6,6,6
523956764,146,71,75,48
523956771,225,108,117,83
523956772,160,56,104,31
523956773,16,8,8,5
523956774,11,6,5,4
523956781,146,68,78,45
523956782,53,24,29,17
523956783,3,1,2,1
523956784,27,12,15,7
523956791,33,16,17,11
523956792,19,11,8,6
523956794,14,5,9,3
523956861,20,10,10,8
523956862,1,1,0,1
523956892,3,1,2,2
523956952,167,86,81,56
523956954,531,261,270,196
523956961,1,0,1,1
523956963,93,46,47,41
523956964,4,1,3,3
523957001,8,4,4,4
523957003,17,10,7,9
523957011,3,2,1,1
523957012,29,14,15,9
523957013,32,14,18,11
523957014,35,16,19,14
523957021,41,20,21,19
523957022,7,2,5,4
523957023,98,49,49,28
523957024,37,19,18,13
523957031,4,2,2,1
523957033,32,14,18,11
523957073,5,3,2,3
523957074,40,19,21,16
523957081,3,1,2,1
523957083,26,13,13,7
523957084,5,3,2,3
523957091,2,1,1,1
523957093,22,11,11,11
523957094,15,6,9,6
523957111,8,4,4,4
523957112,18,7,11,8
523957113,38,19,19,11
523957114,70,34,36,24
523957121,25,13,12,5
523957122,81,38,43,26
523957123,33,16,17,14
523957131,32,17,15,13
523957133,120,54,66,30
523957134,58,24,34,19
523957142,3,2,1,2
523957143,83,40,43,22
523957144,26,10,16,9
523957151,3,2,1,1
523957153,47,21,26,18
523957154,41,20,21,11
523957161,7,3,4,2
523957163,27,13,14,11
523957164,34,15,19,10
523957171,1,1,0,1
523957172,39,18,21,16
523957173,4,2,2,2
523957174,22,9,13,10
523957181,24,11,13,7
523957182,8,4,4,3
523957183,25,14,11,8
523957184,35,18,17,10
523957191,17,9,8,5
523957192,11,5,6,4
523957193,37,21,16,17
523957194,10,4,6,4
523957201,5,2,3,5
523957202,13,7,6,5
523957203,11,1,10,11
523957211,39,19,20,14
523957212,39,20,19,13
523957213,32,15,17,9
523957214,57,24,33,19
523957221,18,6,12,7
523957222,16,8,8,6
523957223,28,13,15,12
523957224,7,4,3,2
523957231,27,15,12,12
523957232,43,23,20,15
523957234,7,4,3,5
523957241,15,8,7,6
523957242,19,9,10,8
523957243,23,11,12,8
523957244,3,2,1,1
523957251,28,17,11,8
523957252,39,16,23,10
523957261,4,1,3,1
523957262,6,2,4,4
523957271,8,3,5,2
523957281,4,3,1,2
523957282,7,4,3,2
523957291,10,5,5,4
523957292,25,11,14,8
523957293,1,1,0,1
523957294,11,4,7,3
523957303,20,8,12,8
523957304,56,28,28,17
523957313,4,1,3,2
523957324,1,1,0,1
523957341,8,4,4,2
523957342,6,3,3,2
523957343,5,4,1,2
523957344,11,4,7,3
523957351,6,2,4,2
523957353,33,17,16,9
523957354,3,2,1,1
523957384,70,68,2,2
523957401,94,39,55,34
523957402,72,34,38,28
523957403,33,17,16,11
523957404,3,1,2,1
523957411,130,65,65,43
523957413,5,2,3,2
523957421,11,5,6,3
523957422,4,2,2,2
523957423,37,18,19,15
523957424,27,12,15,12
523957433,3,2,1,2
523957441,2,1,1,2
523957442,11,6,5,4
523957443,7,4,3,2
523957451,49,25,24,14
523957452,28,13,15,12
523957453,7,4,3,3
523957454,9,6,3,5
523957461,2,1,1,1
523957463,7,4,3,4
523957472,24,11,13,7
523957473,1,0,1,1
523957474,15,9,6,6
523957481,13,6,7,3
523957483,12,7,5,5
523957484,18,12,6,5
523957494,9,4,5,2
523957512,6,3,3,1
523957514,2,1,1,1
523957521,12,8,4,4
523957522,12,6,6,4
523957523,17,8,9,6
523957524,6,3,3,2
523957531,16,7,9,7
523957534,3,2,1,2
523957542,15,8,7,2
523957543,3,1,2,2
523957544,4,1,3,3
523957551,2,1,1,1
523957553,6,1,5,1
523957554,18,10,8,5
523957562,20,11,9,8
523957564,78,39,39,25
523957571,35,14,21,16
523957572,14,6,8,4
523957573,14,6,8,6
523957574,51,25,26,17
523957581,4,2,2,2
523957582,1,0,1,1
523957583,15,6,9,3
523957584,15,7,8,5
523957592,4,3,1,3
523957593,17,8,9,7
523957594,32,17,15,13
523957603,29,15,14,9
523957604,16,8,8,5
523957611,8,3,5,2
523957612,1,1,0,1
523957613,11,3,8,3
523957621,38,17,21,15
523957622,23,10,13,8
523957623,7,4,3,3
523957624,13,5,8,5
523957631,6,3,3,2
523957632,6,3,3,3
523957641,6,3,3,3
523957642,22,10,12,6
523957651,7,3,4,3
523957652,31,14,17,8
523957654,17,12,5,5
523957661,61,31,30,20
523957662,27,14,13,8
523957663,53,24,29,16
523957664,18,7,11,10
523957671,20,10,10,10
523957672,8,4,4,2
523957673,38,19,19,14
523957674,40,22,18,17
523957681,27,14,13,11
523957682,48,24,24,15
523957683,52,24,28,19
523957684,112,56,56,37
523957691,226,90,136,18
523957692,61,34,27,19
523957693,82,38,44,32
523957694,57,26,31,22
523957701,76,35,41,29
523957702,63,30,33,22
523957703,26,13,13,10
523957704,2,1,1,1
523957711,29,13,16,11
523957712,9,4,5,2
523957714,13,6,7,5
523957721,2,1,1,1
523957723,23,13,10,12
523957731,21,10,11,8
523957732,32,13,19,10
523957733,11,7,4,6
523957741,7,5,2,3
523957742,18,9,9,8
523957751,4,1,3,2
523957752,21,13,8,10
523957761,28,16,12,8
523957762,95,42,53,35
523957764,32,17,15,12
523957771,167,79,88,58
523957772,81,39,42,28
523957773,3,1,2,2
523957774,1,0,1,1
523957781,39,22,17,12
523957782,18,9,9,7
523957783,2,1,1,1
523957784,9,4,5,4
523957791,20,11,9,8
523957792,37,16,21,11
523957794,8,4,4,4
523957801,4,2,2,2
523957811,7,5,2,2
523957812,12,5,7,3
523957823,7,4,3,4
523957824,6,2,4,2
523957831,11,6,5,5
523957833,8,5,3,4
523957851,2,1,1,1
523957852,8,4,4,5
523957861,2,1,1,2
523957862,2,1,1,1
523957864,11,6,5,4
523957871,1,1,0,1
523957881,1,0,1,1
523957902,2,1,1,2
523957911,5,4,1,3
523957931,13,7,6,5
523957933,7,3,4,5
523957941,3,1,2,1
523957943,10,5,5,3
523957952,7,4,3,3
523957954,4,2,2,1
523957962,8,3,5,3
523957964,19,10,9,5
523957971,4,3,1,1
523960004,11,5,6,5
523960091,16,6,10,6
523960093,3,2,1,1
523960103,7,3,4,3
523960111,2,2,0,2
523960113,1,1,0,1
523960201,4,2,2,2
523960212,48,22,26,23
523960214,161,80,81,66
523960221,47,20,27,26
523960222,1,0,1,1
523960223,264,137,127,114
523960224,3,2,1,1
523960321,7,4,3,3
523960324,6,4,2,2
523960412,51,25,26,48
523960413,5,2,3,3
523960421,83,41,42,39
523960422,145,69,76,68
523960423,108,55,53,55
523960424,109,49,60,69
523960433,18,8,10,5
523960492,19,11,8,10
523960502,2,2,0,2
523960504,84,68,16,84
523960513,15,0,15,15
523960521,8,4,4,4
523960522,122,60,62,68
523960542,40,17,23,17
523960544,7,3,4,2
523960551,21,10,11,6
523960553,63,31,32,19
523960631,41,13,28,18
523960633,24,11,13,15
523960634,25,11,14,15
523960652,5,4,1,1
523960654,10,5,5,4
523960661,19,8,11,7
523960663,77,32,45,43
523960664,26,15,11,20
523960673,29,27,2,29
523960732,67,39,28,39
523960734,46,20,26,22
523960741,20,12,8,9
523960743,81,33,48,16
523960771,124,38,86,118
523960772,415,186,229,267
523960773,12,5,7,10
523960774,187,82,105,120
523960781,193,83,110,93
523960783,603,276,327,307
523960784,841,389,452,426
523960792,12,3,9,3
523960793,78,41,37,35
523960803,23,10,13,20
523960832,25,12,13,15
523960833,22,10,12,10
523960834,39,16,23,19
523960841,3,2,1,3
523960843,108,50,58,44
523960852,148,73,75,68
523960853,18,9,9,15
523960854,205,84,121,93
523960861,157,72,85,64
523960863,2,0,2,2
523960871,6,0,6,6
523960872,15,6,9,12
523960881,8,3,5,5
523960882,128,56,72,63
523960891,519,264,255,231
523960892,73,29,44,31
523960893,132,60,72,51
523960894,534,259,275,206
523960901,30,17,13,15
523960902,9,4,5,4
523960903,30,16,14,20
523960904,17,6,11,11
523960922,21,11,10,16
523960923,14,6,8,7
523960924,100,53,47,64
523960931,12,4,8,8
523960932,332,157,175,164
523960933,119,72,47,90
523960934,216,99,117,120
523960941,207,106,101,109
523960942,395,186,209,220
523960943,144,49,95,42
523960944,15,7,8,8
523960951,17,7,10,8
523960991,294,78,216,28
523960992,397,174,223,165
523960994,51,25,26,25
523961002,403,193,210,149
523961003,73,35,38,24
523961004,186,98,88,70
523961011,214,108,106,79
523961013,5,4,1,2
523961101,12,5,7,3
523961104,2,1,1,1
523961201,10,4,6,2
523961202,65,32,33,19
523961204,197,96,101,64
523961213,56,25,31,15
523961301,5,3,2,1
523961302,117,61,56,30
523961303,9,3,6,4
523961304,59,31,28,20
523961311,2,1,1,1
523961401,110,53,57,41
523961402,372,180,192,119
523961404,4,1,3,4
523961411,120,66,54,40
523961413,21,12,9,11
523961504,19,7,12,6
523961511,37,21,16,12
523961513,348,158,190,100
523961604,24,10,14,7
523961611,30,14,16,11
523961613,89,46,43,28
523961701,3,1,2,1
523961702,3,2,1,1
523961711,166,75,91,53
523961713,13,9,4,8
523961811,228,111,117,70
523961812,432,212,220,147
523961813,244,93,151,56
523961814,1006,489,517,375
523961823,23,18,5,16
523961901,421,187,234,191
523961902,864,427,437,328
523961903,592,289,303,163
523961904,242,114,128,76
523961911,1303,623,680,597
523961912,1523,727,796,667
523961913,1188,563,625,432
523961914,1228,539,689,481
523961921,1430,675,755,545
523961922,334,150,184,133
523961923,1265,593,672,487
523961924,1854,849,1005,807
523961933,249,115,134,113
523964092,153,69,84,31
523964093,21,10,11,3
523964094,321,163,158,86
523964192,233,114,119,57
523964193,2,1,1,1
523964194,64,33,31,21
523964291,10,7,3,3
523964292,1000,482,518,327
523964293,75,42,33,23
523964294,193,95,98,65
523964381,51,24,27,17
523964382,120,33,87,7
523964383,256,133,123,83
523964384,505,249,256,164
523964391,101,57,44,32
523964392,353,181,172,115
523964393,155,72,83,42
523964394,203,105,98,51
523964481,291,139,152,96
523964482,690,340,350,261
523964484,853,422,431,316
523964491,381,188,193,140
523964492,365,182,183,114
523964493,1728,835,893,610
523964494,1490,738,752,563
523964582,363,173,190,138
523964591,388,191,197,142
523964683,111,50,61,32
523964684,562,276,286,202
523964693,643,319,324,207
523964694,6,3,3,3
523964781,282,99,183,38
523964782,123,65,58,35
523964783,371,183,188,133
523964784,325,164,161,116
523964791,35,20,15,11
523964792,1184,569,615,463
523964793,588,272,316,176
523964794,376,179,197,140
523964872,8,3,5,4
523964874,92,48,44,45
523964881,1287,634,653,481
523964882,1172,563,609,452
523964883,450,201,249,175
523964884,146,74,72,54
523964891,527,262,265,193
523964892,121,65,56,39
523964893,10,4,6,3
523964971,51,26,25,19
523964972,195,95,100,66
523964973,346,166,180,135
523964974,268,133,135,103
523964983,37,15,22,11
523964984,48,25,23,18
523965002,49,25,24,22
523965004,271,143,128,96
523965011,774,385,389,263
523965012,25,11,14,8
523965013,194,95,99,62
523965014,97,46,51,35
523965021,92,50,42,25
523965022,214,110,104,69
523965023,156,80,76,56
523965024,17,8,9,10
523965101,14,8,6,3
523965102,743,361,382,238
523965103,266,136,130,85
523965104,636,307,329,202
523965111,798,379,419,259
523965112,193,93,100,59
523965113,1048,545,503,350
523965114,535,278,257,175
523965121,616,316,300,208
523965123,1275,649,626,507
523965201,821,390,431,264
523965202,148,63,85,44
523965203,221,111,110,81
523965204,168,55,113,17
523965211,137,72,65,42
523965212,1709,793,916,673
523965213,90,46,44,19
523965214,411,209,202,178
523965221,1498,754,744,620
523965222,23,14,9,12
523965223,2555,1266,1289,1020
523965224,1003,489,514,343
523965301,907,441,466,301
523965302,41,18,23,10
523965303,611,321,290,204
523965304,48,23,25,14
523965311,108,52,56,31
523965312,80,42,38,24
523965313,89,48,41,24
523965314,80,38,42,22
523965321,523,243,280,189
523965322,1110,573,537,413
523965323,6,2,4,1
523965324,86,38,48,30
523965331,713,355,358,266
523965333,1848,944,904,766
523965334,1304,626,678,553
523965401,332,167,165,113
523965403,1036,503,533,351
523965404,30,15,15,10
523965411,125,65,60,35
523965412,426,187,239,22
523965413,4,3,1,1
523965414,231,116,115,71
523965421,65,32,33,20
523965422,124,59,65,41
523965423,58,29,29,19
523965424,80,38,42,24
523965431,928,455,473,352
523965432,2865,1474,1391,1002
523965433,411,214,197,136
523965434,2746,1323,1423,1009
523965441,731,352,379,274
523965443,2202,1081,1121,847
523965444,795,406,389,306
523965453,8,3,5,4
523965501,1002,952,50,45
523965502,113,56,57,39
523965504,934,471,463,343
523965511,66,31,35,30
523965512,197,99,98,63
523965513,647,321,326,230
523965514,158,80,78,50
523965521,152,76,76,40
523965522,173,87,86,46
523965523,29,14,15,8
523965531,114,60,54,32
523965532,58,36,22,28
523965534,44,24,20,16
523965541,1498,747,751,469
523965542,2553,1272,1281,1046
523965543,897,446,451,328
523965544,2083,1039,1044,861
523965551,1709,848,861,622
523965552,582,294,288,216
523965553,2334,1160,1174,830
523965554,698,348,350,227
523965561,103,56,47,30
523965562,553,174,379,22
523965563,5,1,4,5
523965564,113,50,63,41
523965601,660,600,60,22
523965602,1157,579,578,445
523965603,940,463,477,347
523965604,2010,980,1030,715
523965611,1778,919,859,694
523965612,912,461,451,301
523965613,2791,1400,1391,1012
523965614,1772,828,944,568
523965621,1,1,0,1
523965623,60,30,30,26
523965624,3,2,1,3
523965631,14,2,12,3
523965632,103,55,48,37
523965633,49,24,25,19
523965634,55,29,26,13
523965641,93,45,48,32
523965642,2095,1032,1063,771
523965643,114,109,5,112
523965644,1482,744,738,552
523965651,2336,1174,1162,810
523965652,39,18,21,17
523965653,2659,1291,1368,990
523965654,1214,582,632,448
523965662,521,265,256,192
523965664,1544,768,776,633
523965671,951,486,465,352
523965673,76,40,36,29
523965674,30,20,10,20
523965683,39,39,0,1
523965701,1177,558,619,390
523965702,988,520,468,328
523965703,345,172,173,118
523965704,202,96,106,71
523965711,468,227,241,169
523965712,2290,1092,1198,807
523965713,30,13,17,10
523965714,239,100,139,67
523965721,1490,725,765,558
523965722,528,259,269,209
523965723,1520,726,794,475
523965724,391,209,182,117
523965731,26,10,16,6
523965732,493,248,245,166
523965733,2091,1062,1029,715
523965734,2874,1413,1461,1023
523965741,2083,1063,1020,786
523965742,2123,1011,1112,751
523965743,2212,1095,1117,796
523965744,56,31,25,23
523965751,2179,1068,1111,819
523965752,3396,1645,1751,1331
523965753,636,324,312,229
523965754,2866,1419,1447,1105
523965761,1283,662,621,567
523965762,3005,1588,1417,1400
523965763,2681,1286,1395,1100
523965764,1775,1220,555,433
523965771,1792,901,891,687
523965772,235,147,88,103
523965773,389,208,181,133
523965774,554,280,274,141
523965781,299,297,2,7
523965783,13,6,7,4
523965801,35,14,21,11
523965802,50,26,24,16
523965811,32,15,17,11
523965812,9,5,4,3
523965821,686,324,362,212
523965822,526,269,257,164
523965823,82,36,46,25
523965824,529,262,267,179
523965831,459,224,235,172
523965832,2831,1400,1431,996
523965833,883,448,435,327
523965834,2435,1216,1219,904
523965841,1239,609,630,419
523965842,34,20,14,13
523965843,1521,794,727,601
523965844,1318,702,616,557
523965851,1249,622,627,419
523965852,243,139,104,112
523965853,1981,978,1003,694
523965854,868,457,411,363
523965861,2906,1453,1453,1178
523965862,2092,1065,1027,828
523965863,1637,832,805,599
523965864,2162,1055,1107,764
523965871,2092,1034,1058,749
523965872,1121,542,579,408
523965873,1728,836,892,631
523965874,521,248,273,197
523965883,979,431,548,482
523965884,455,219,236,218
523965921,29,15,14,10
523965922,753,400,353,343
523965924,240,119,121,81
523965931,677,335,342,260
523965932,1271,541,730,477
523965933,931,461,470,345
523965934,2562,1281,1281,932
523965941,2009,1247,762,1064
523965942,159,76,83,61
523965943,3319,1603,1716,1314
523965944,970,488,482,472
523965951,1074,542,532,421
523965952,561,290,271,207
523965953,2098,1039,1059,775
523965954,3793,1903,1890,1243
523965961,359,179,180,117
523965962,1992,987,1005,699
523965963,2405,1166,1239,710
523965964,2572,1299,1273,885
523965971,1540,762,778,542
523965972,1252,626,626,451
523965973,753,369,384,285
523965974,3157,1551,1606,1195
523965981,3065,1518,1547,1222
523965982,1519,732,787,678
523965983,2103,1001,1102,778
523965984,890,428,462,336
523965993,38,17,21,13
523966051,11,6,5,5
523966052,308,151,157,117
523966053,11,4,7,7
523966054,65,35,30,20
523966061,241,110,131,76
523966062,7,3,4,2
523966064,20,10,10,8
523966151,20,8,12,9
523966152,134,34,100,13
523966153,4,3,1,2
523966154,10,5,5,3
523966161,54,27,27,11
523966163,3,2,1,1
523966174,4,2,2,2
523966191,34,16,18,9
523966193,29,12,17,8
523966252,10,5,5,5
523966254,25,13,12,10
523966263,40,17,23,11
523966264,8,4,4,2
523966272,11,5,6,4
523966281,1,1,0,1
523966284,1,0,1,1
523966291,42,18,24,13
523966293,53,27,26,18
523966352,77,39,38,27
523966354,39,21,18,12
523966361,9,4,5,5
523966363,266,127,139,82
523966364,8,3,5,2
523966381,42,25,17,13
523966382,16,7,9,4
523966383,40,19,21,12
523966384,24,10,14,9
523966391,32,16,16,8
523966394,5,1,4,1
523966461,60,27,33,15
523966462,173,85,88,52
523966464,4,2,2,2
523966471,24,11,13,8
523966472,36,20,16,9
523966473,140,71,69,48
523966474,425,204,221,144
523966481,57,28,29,18
523966482,31,13,18,10
523966483,215,102,113,49
523966571,1,0,1,1
523966572,276,146,130,90
523966574,26,13,13,10
523966581,104,53,51,37
523966582,9,4,5,5
523966583,18,9,9,10
523966584,28,14,14,12
523966591,37,19,18,14
523966592,122,53,69,38
523966593,125,62,63,49
523966594,602,308,294,236
523966691,118,62,56,46
523966692,761,366,395,290
523966694,334,160,174,141
523966792,83,41,42,32
523966794,26,14,12,10
523966892,11,7,4,3
523966894,48,21,27,16
523966992,77,39,38,20
523966993,49,25,24,16
523966994,106,60,46,35
523967032,34,19,15,13
523967034,27,13,14,9
523967044,2,1,1,1
523967061,16,6,10,6
523967062,4,2,2,2
523967063,23,10,13,11
523967064,74,45,29,5
523967073,16,6,10,5
523967074,49,25,24,12
523967083,5,2,3,1
523967112,2,1,1,1
523967113,56,27,29,17
523967114,9,4,5,4
523967121,8,3,5,2
523967123,14,7,7,3
523967124,13,10,3,4
523967131,3,2,1,1
523967132,32,15,17,8
523967133,3,1,2,1
523967134,7,3,4,3
523967141,3,2,1,1
523967142,7,2,5,1
523967143,35,19,16,6
523967161,2,1,1,1
523967162,13,6,7,5
523967163,20,12,8,4
523967164,61,31,30,19
523967204,5,3,2,1
523967211,30,17,13,10
523967213,14,7,7,3
523967222,33,16,17,12
523967232,14,8,6,4
523967241,23,11,12,8
523967242,52,28,24,10
523967243,9,4,5,3
523967254,9,5,4,2
523967261,53,28,25,14
523967262,49,28,21,11
523967263,102,45,57,34
523967264,10,5,5,2
523967272,4,2,2,1
523967273,10,7,3,3
523967274,3,1,2,2
523967301,10,4,6,2
523967302,29,16,13,8
523967303,95,43,52,26
523967304,43,16,27,11
523967311,3,1,2,2
523967323,30,16,14,7
523967324,4,2,2,2
523967341,12,7,5,3
523967342,18,7,11,3
523967343,18,8,10,7
523967344,38,19,19,13
523967351,3,2,1,1
523967352,22,10,12,10
523967354,45,24,21,12
523967361,39,19,20,12
523967363,51,27,24,14
523967401,58,28,30,20
523967403,37,18,19,10
523967404,51,30,21,1
523967421,9,2,7,2
523967423,10,5,5,4
523967432,6,4,2,2
523967433,41,22,19,11
523967434,27,11,16,5
523967441,16,9,7,6
523967442,5,3,2,2
523967443,32,14,18,9
523967451,2,1,1,1
523967452,73,29,44,22
523967453,42,18,24,15
523967454,44,21,23,12
523967473,13,7,6,3
523967501,40,21,19,12
523967502,61,30,31,21
523967503,276,132,144,97
523967504,105,53,52,37
523967511,50,28,22,16
523967512,104,50,54,33
523967513,62,34,28,24
523967514,145,79,66,53
523967521,60,31,29,21
523967522,5,3,2,2
523967523,39,20,19,13
523967524,62,27,35,18
523967531,48,22,26,13
523967532,113,59,54,26
523967533,73,39,34,21
523967534,95,43,52,31
523967541,61,31,30,17
523967542,43,20,23,15
523967543,156,75,81,45
523967544,34,16,18,8
523967551,7,3,4,2
523967552,79,39,40,18
523967553,23,9,14,9
523967554,33,18,15,11
523967562,15,8,7,5
523967563,23,10,13,8
523967564,20,15,5,8
523967571,5,2,3,2
523967573,17,7,10,7
523967574,28,15,13,8
523967601,366,173,193,119
523967602,226,111,115,65
523967603,159,73,86,57
523967604,60,30,30,21
523967611,220,111,109,77
523967612,278,131,147,99
523967613,84,40,44,26
523967614,78,35,43,26
523967621,141,62,79,45
523967622,65,30,35,24
523967623,59,28,31,18
523967624,72,37,35,21
523967631,159,82,77,54
523967632,11,7,4,4
523967633,23,13,10,7
523967634,75,39,36,21
523967641,68,34,34,17
523967642,116,51,65,29
523967643,53,26,27,16
523967644,30,16,14,9
523967651,53,27,26,14
523967652,34,20,14,11
523967653,8,5,3,3
523967661,30,16,14,10
523967671,10,4,6,3
523967672,4,1,3,1
523967691,9,3,6,3
523967693,4,2,2,2
523967701,111,52,59,43
523967702,31,16,15,12
523967703,28,14,14,11
523967711,60,29,31,14
523967712,59,34,25,15
523967713,16,7,9,6
523967714,24,11,13,7
523967721,5,2,3,1
523967722,46,22,24,14
523967723,59,31,28,19
523967724,80,39,41,22
523967731,26,16,10,10
523967733,10,5,5,3
523967742,12,6,6,3
523967744,3,2,1,2
523967752,7,3,4,4
523967761,6,3,3,2
523967762,17,7,10,4
523967772,5,3,2,2
523967781,12,9,3,3
523967783,7,4,3,1
523967791,11,6,5,3
523967792,52,25,27,17
523967794,45,27,18,13
523967801,18,8,10,6
523967803,25,10,15,8
523967813,2,0,2,1
523967822,4,1,3,2
523967851,10,6,4,3
523967861,7,4,3,3
523967862,35,17,18,9
523967863,9,5,4,3
523967864,26,14,12,7
523967871,6,3,3,2
523967872,29,14,15,9
523967873,1,0,1,1
523967874,1,1,0,1
523967891,14,7,7,4
523967892,42,21,21,13
523967893,38,16,22,11
523967894,63,34,29,17
523967901,37,21,16,11
523967903,16,8,8,4
523967913,22,10,12,6
523967952,6,3,3,3
523967991,27,14,13,11
523967992,75,38,37,23
523967993,39,18,21,12
523967994,135,67,68,39
523970003,17,9,8,10
523970021,17,9,8,11
523970022,25,13,12,10
523970023,2,2,0,2
523970024,2,1,1,1
523970031,183,69,114,117
523970032,360,162,198,178
523970033,264,118,146,124
523970034,555,274,281,217
523970041,418,220,198,145
523970042,9,5,4,7
523970043,518,231,287,196
523970044,1,1,0,1
523970092,21,11,10,7
523970101,48,23,25,24
523970102,9,4,5,4
523970103,82,35,47,36
523970104,255,120,135,110
523970111,11,5,6,6
523970112,9,2,7,5
523970113,106,53,53,71
523970114,274,174,100,19
523970121,2,0,2,2
523970123,23,12,11,11
523970132,48,22,26,21
523970134,30,16,14,22
523970141,26,15,11,13
523970143,8,3,5,4
523970164,12,7,5,3
523970182,1,1,0,1
523970201,331,154,177,126
523970202,254,129,125,108
523970203,392,205,187,171
523970204,989,472,517,410
523970211,235,107,128,99
523970212,3,2,1,2
523970213,107,43,64,53
523970214,20,12,8,7
523970221,3,1,2,2
523970232,2,1,1,1
523970262,9,6,3,2
523970264,4,2,2,2
523970271,15,9,6,5
523970284,57,29,28,16
523970293,182,91,91,52
523970294,87,37,50,25
523970301,45,27,18,22
523970302,154,68,86,60
523970311,13,7,6,5
523970391,152,77,75,41
523970392,218,104,114,60
523970394,3,2,1,1
523970472,23,15,8,8
523970481,23,12,11,6
523970482,67,32,35,19
523970483,63,31,32,20
523970484,180,85,95,51
523970491,60,43,17,1
523970492,78,46,32,8
523970493,68,35,33,22
523970494,24,10,14,8
523970574,15,6,9,6
523970581,94,44,50,41
523970582,276,133,143,97
523970583,122,56,66,41
523970584,237,122,115,77
523970591,10,5,5,3
523970592,383,193,190,117
523970593,286,145,141,93
523970594,905,450,455,303
523970681,21,10,11,6
523970683,70,31,39,24
523970684,99,45,54,32
523970691,337,171,166,98
523970692,1698,855,843,596
523970693,206,111,95,71
523970694,1261,604,657,446
523970723,31,16,15,11
523970761,34,14,20,10
523970762,24,12,12,8
523970764,24,13,11,7
523970771,6,3,3,1
523970772,53,26,27,17
523970773,74,43,31,24
523970774,725,373,352,248
523970781,607,430,177,406
523970782,251,124,127,80
523970783,1672,833,839,580
523970784,307,150,157,113
523970791,807,430,377,297
523970792,1661,830,831,560
523970793,1402,701,701,536
523970794,1550,794,756,558
523970811,6,3,3,1
523970822,43,22,21,11
523970834,3,2,1,1
523970843,3,2,1,1
523970871,21,6,15,6
523970872,836,417,419,301
523970873,476,237,239,139
523970874,1085,529,556,334
523970881,1437,702,735,494
523970882,1601,806,795,585
523970883,1436,690,746,466
523970884,601,298,303,214
523970891,1327,663,664,509
523970892,660,320,340,223
523970893,798,394,404,261
523970894,82,42,40,25
523970941,144,72,72,37
523970942,52,26,26,16
523970943,163,81,82,43
523970944,314,144,170,3
523970953,66,32,34,17
523970954,169,82,87,46
523970961,19,11,8,6
523970962,105,51,54,29
523970963,185,84,101,48
523970964,106,57,49,27
523970971,926,481,445,289
523970972,213,105,108,72
523970973,58,30,28,16
523970974,205,98,107,49
523970981,16,8,8,7
523970982,311,147,164,101
523970983,407,202,205,146
523970984,806,397,409,270
523970991,753,369,384,255
523970992,616,299,317,182
523970993,1054,525,529,340
523970994,1450,726,724,471
523971001,92,45,47,33
523971002,83,40,43,25
523971003,16,7,9,4
523971004,128,44,84,17
523971011,483,240,243,181
523971012,194,89,105,73
523971013,8,4,4,2
523971014,761,343,418,284
523971021,776,362,414,348
523971022,2335,1031,1304,971
523971023,1174,540,634,468
523971024,2015,970,1045,898
523971031,2251,1044,1207,896
523971032,74,38,36,21
523971033,2440,1187,1253,990
523971034,1847,915,932,710
523971043,282,131,151,105
523971103,21,11,10,8
523971104,10,6,4,4
523971111,280,142,138,96
523971112,938,454,484,375
523971113,33,19,14,11
523971114,1288,608,680,498
523971121,2034,1012,1022,841
523971122,2463,1313,1150,994
523971123,2118,1041,1077,930
523971124,1783,912,871,748
523971131,1982,962,1020,792
523971132,2639,1275,1364,1035
523971133,1555,778,777,619
523971134,1427,720,707,580
523971141,1090,523,567,427
523971143,88,39,49,35
523971144,929,453,476,382
523971153,1146,566,580,448
523971154,11,6,5,4
523971201,159,78,81,47
523971202,736,376,360,240
523971203,201,115,86,85
523971204,832,417,415,277
523971211,1668,823,845,632
523971212,2163,1075,1088,941
523971213,716,359,357,239
523971214,1093,528,565,387
523971221,2335,1138,1197,1004
523971222,1765,888,877,738
523971223,1576,761,815,581
523971224,1327,642,685,518
523971231,127,63,64,57
523971232,325,158,167,100
523971233,100,50,50,37
523971234,952,505,447,349
523971241,910,459,451,356
523971242,2277,1120,1157,811
523971243,2663,1278,1385,1059
523971244,2370,1194,1176,910
523971251,2693,1374,1319,988
523971252,575,298,277,216
523971253,948,475,473,343
523971254,2065,1010,1055,782
523971263,379,177,202,140
523971301,111,59,52,33
523971302,61,38,23,28
523971311,120,24,96,9
523971312,535,256,279,191
523971313,417,201,216,136
523971314,1090,536,554,385
523971321,1139,574,565,430
523971322,258,137,121,108
523971323,1759,868,891,684
523971324,1205,570,635,472
523971331,899,460,439,299
523971332,1876,935,941,722
523971333,1445,733,712,504
523971334,766,411,355,359
523971341,2062,996,1066,864
523971342,2185,1080,1105,896
523971343,2215,1119,1096,866
523971344,2204,1106,1098,863
523971351,761,389,372,261
523971352,1296,629,667,479
523971353,873,438,435,369
523971354,777,416,361,235
523971361,1362,657,705,464
523971362,425,196,229,167
523971363,1978,971,1007,770
523971364,983,481,502,387
523971373,908,445,463,338
523971374,586,292,294,200
523971383,24,15,9,6
523971401,463,220,243,180
523971402,360,180,180,118
523971403,1073,525,548,373
523971404,1799,870,929,664
523971411,1024,515,509,351
523971412,1038,517,521,413
523971413,1638,799,839,591
523971414,1995,1002,993,754
523971421,2263,1090,1173,919
523971422,1225,546,679,562
523971423,1640,800,840,583
523971424,43,23,20,17
523971431,979,503,476,358
523971432,465,233,232,164
523971433,644,332,312,233
523971434,1083,609,474,468
523971441,1783,910,873,588
523971442,1718,875,843,644
523971443,1322,654,668,475
523971444,1727,881,846,597
523971451,706,348,358,253
523971452,1746,854,892,627
523971453,949,498,451,338
523971454,176,133,43,117
523971461,1805,908,897,656
523971462,533,263,270,196
523971463,610,318,292,228
523971464,66,32,34,24
523971471,22,10,12,7
523971472,470,218,252,167
523971481,823,421,402,289
523971482,187,94,93,69
523971483,190,91,99,62
523971484,1095,536,559,370
523971493,857,436,421,312
523971494,52,25,27,19
523971501,1642,807,835,556
523971502,1613,794,819,587
523971503,1918,916,1002,697
523971504,1173,574,599,411
523971511,1785,874,911,667
523971512,2019,974,1045,815
523971513,1036,521,515,405
523971514,1221,588,633,441
523971521,1430,705,725,544
523971522,321,162,159,135
523971523,960,453,507,372
523971524,406,193,213,115
523971531,643,357,286,266
523971532,1190,587,603,394
523971533,188,101,87,58
523971534,118,64,54,41
523971541,212,105,107,70
523971542,1420,691,729,466
523971543,987,480,507,313
523971544,1725,850,875,551
523971551,985,503,482,352
523971552,401,199,202,121
523971553,364,171,193,114
523971554,281,143,138,87
523971561,198,90,108,54
523971571,2,1,1,1
523971573,25,15,10,6
523971574,170,86,84,52
523971581,103,53,50,35
523971582,1602,795,807,538
523971583,982,483,499,360
523971584,905,452,453,296
523971591,1044,491,553,372
523971592,1385,688,697,533
523971593,237,109,128,81
523971594,460,218,242,150
523971601,1281,626,655,447
523971602,562,277,285,194
523971603,1876,945,931,645
523971604,1050,498,552,404
523971611,274,131,143,95
523971612,1337,659,678,509
523971613,1278,621,657,457
523971614,1193,583,610,397
523971621,19,9,10,9
523971622,213,110,103,79
523971624,24,11,13,7
523971631,106,53,53,33
523971632,272,134,138,87
523971633,240,115,125,64
523971634,108,56,52,33
523971641,1102,569,533,346
523971642,1752,845,907,441
523971643,182,92,90,59
523971644,790,381,409,252
523971651,501,254,247,150
523971652,160,75,85,40
523971653,475,235,240,122
523971654,6,3,3,2
523971663,40,21,19,1
523971664,14,11,3,6
523971671,46,21,25,14
523971672,173,55,118,17
523971673,99,56,43,29
523971674,80,40,40,25
523971681,865,411,454,267
523971682,81,37,44,21
523971683,369,185,184,111
523971684,232,113,119,79
523971691,686,348,338,231
523971692,714,372,342,224
523971693,1598,735,863,625
523971694,939,454,485,338
523971701,311,150,161,98
523971702,1676,836,840,634
523971703,144,69,75,47
523971704,623,298,325,203
523971711,2266,1103,1163,858
523971712,1319,632,687,471
523971713,1224,587,637,443
523971714,220,108,112,79
523971721,532,253,279,267
523971722,270,128,142,73
523971723,298,138,160,115
523971724,49,23,26,17
523971731,377,195,182,117
523971733,390,186,204,116
523971734,164,79,85,46
523971741,338,159,179,103
523971742,50,23,27,18
523971743,111,54,57,28
523971751,5,3,2,2
523971771,110,54,56,27
523971772,122,66,56,42
523971773,36,22,14,15
523971774,195,92,103,66
523971781,577,275,302,172
523971782,1783,867,916,691
523971783,248,126,122,68
523971784,163,77,86,50
523971791,1195,570,625,486
523971792,1468,673,795,527
523971793,1418,674,744,597
523971794,1006,480,526,292
523971801,189,95,94,53
523971802,465,227,238,150
523971803,280,138,142,91
523971804,776,387,389,296
523971811,103,48,55,36
523971813,144,65,79,60
523971814,179,70,109,42
523971821,459,218,241,134
523971822,593,306,287,204
523971823,1093,544,549,356
523971824,1017,521,496,358
523971831,772,383,389,242
523971832,156,71,85,35
523971833,742,368,374,260
523971834,1,1,0,1
523971854,123,54,69,32
523971863,18,9,9,4
523971864,54,24,30,12
523971871,209,110,99,71
523971872,749,402,347,258
523971873,609,313,296,184
523971874,714,386,328,275
523971881,184,85,99,53
523971883,23,10,13,7
523971884,17,7,10,6
523971891,277,139,138,85
523971892,243,123,120,78
523971893,287,142,145,96
523971901,722,365,357,250
523971902,1284,651,633,566
523971903,748,377,371,246
523971904,609,290,319,231
523971911,277,148,129,97
523971912,167,88,79,54
523971913,21,10,11,7
523971914,1526,754,772,503
523971921,325,156,169,95
523971922,734,343,391,235
523971923,1198,600,598,398
523971924,505,289,216,233
523971931,77,35,42,28
523971932,3,2,1,1
523971933,337,168,169,93
523971934,53,29,24,13
523971943,1,1,0,1
523971944,98,48,50,25
523971952,22,9,13,4
523971962,35,14,21,9
523971963,42,21,21,11
523971964,81,39,42,21
523971971,51,24,27,13
523971972,103,52,51,27
523971973,186,88,98,55
523971974,130,64,66,36
523971981,5,3,2,1
523971982,165,84,81,48
523971983,43,20,23,12
523971984,265,130,135,81
523971991,19,12,7,6
523972501,647,310,337,239
523972502,174,82,92,60
523972503,703,328,375,286
523972504,1450,674,776,597
523972513,1414,689,725,495
523972514,11,6,5,4
523972601,658,338,320,232
523972602,1453,712,741,551
523972603,1192,606,586,459
523972604,1619,773,846,584
523972611,1250,584,666,476
523972612,880,432,448,307
523972613,850,415,435,299
523972614,785,369,416,272
523972621,871,429,442,309
523972622,685,343,342,268
523972623,1730,861,869,633
523972624,1135,570,565,380
523972631,325,160,165,117
523972632,254,123,131,96
523972633,480,233,247,169
523972634,698,340,358,248
523972641,4,2,2,3
523972643,1010,482,528,378
523972644,543,258,285,211
523972653,745,362,383,288
523972701,667,335,332,256
523972702,1491,762,729,533
523972703,502,238,264,144
523972704,390,206,184,139
523972711,1362,644,718,468
523972712,1203,581,622,444
523972713,123,62,61,49
523972714,235,124,111,56
523972721,1256,614,642,437
523972722,960,459,501,335
523972723,1072,558,514,473
523972724,62,54,8,11
523972731,199,97,102,71
523972732,220,104,116,76
523972734,225,113,112,84
523972741,1461,707,754,553
523972742,1362,645,717,548
523972743,205,105,100,76
523972744,681,316,365,247
523972751,1644,806,838,571
523972752,811,390,421,299
523972753,958,454,504,378
523972754,2486,1207,1279,886
523972763,1537,721,816,518
523972764,1213,616,597,433
523972773,1256,612,644,486
523972774,544,262,282,202
523972783,251,119,132,103
523972784,362,183,179,143
523972793,226,122,104,98
523972801,835,412,423,250
523972802,68,34,34,16
523972803,35,20,15,11
523972804,156,74,82,46
523972811,23,9,14,6
523972812,16,7,9,8
523972813,111,59,52,39
523972814,14,6,8,5
523972821,225,107,118,61
523972822,25,14,11,5
523972823,137,61,76,44
523972824,212,107,105,64
523972833,22,12,10,7
523972834,62,10,52,1
523972841,2,1,1,1
523972842,120,63,57,44
523972843,184,86,98,73
523972844,99,51,48,35
523972851,142,76,66,54
523972852,1094,538,556,417
523972853,16,9,7,6
523972854,111,55,56,43
523972861,1288,619,669,464
523972862,2999,1425,1574,1070
523972863,958,486,472,355
523972864,1718,849,869,651
523972871,4099,2074,2025,1592
523972872,3505,1743,1762,1327
523972873,1503,736,767,593
523972874,3424,1660,1764,1410
523972881,2411,1139,1272,901
523972882,2280,1089,1191,881
523972883,2480,1254,1226,1042
523972884,2308,1125,1183,937
523972891,1626,811,815,573
523972893,1527,756,771,531
523972894,24,15,9,11
523972901,77,38,39,19
523972902,202,88,114,58
523972904,34,24,10,34
523972911,102,24,78,4
523972922,30,15,15,9
523972931,190,89,101,57
523972932,229,114,115,78
523972933,29,14,15,9
523972934,182,88,94,53
523972941,1865,939,926,628
523972942,1443,719,724,408
523972943,2713,1344,1369,846
523972944,2419,1238,1181,1007
523972951,1213,599,614,437
523972952,1942,988,954,723
523972953,3899,1893,2006,1387
523972954,1789,929,860,721
523972961,1215,599,616,458
523972962,2003,1001,1002,802
523972963,1429,713,716,604
523972964,2822,1379,1443,1084
523972971,2844,1435,1409,1094
523972972,2508,1230,1278,1216
523972973,3161,1609,1552,1354
523972974,4064,2005,2059,1878
523972981,2957,1452,1505,1424
523972982,1870,921,949,708
523972983,3268,1675,1593,1537
523972984,2328,1238,1090,1008
523972991,126,66,60,63
523972992,127,53,74,22
523972993,269,147,122,97
523972994,767,394,373,286
523973574,6,2,4,3
523973583,93,47,46,39
523973584,61,29,32,23
523973681,123,50,73,50
523973682,158,80,78,68
523973683,4,1,3,1
523973684,506,243,263,247
523973693,301,155,146,113
523973694,922,398,524,317
523973704,2,1,1,1
523973714,13,6,7,4
523973774,369,179,190,158
523973781,760,387,373,417
523973782,2569,1212,1357,1144
523973783,2273,1091,1182,917
523973784,2443,1179,1264,982
523973791,2683,1229,1454,1079
523973792,2383,1186,1197,944
523973793,1231,591,640,461
523973794,2386,1135,1251,923
523973801,164,80,84,63
523973802,2874,1401,1473,1151
523973803,604,307,297,219
523973804,4064,1995,2069,1823
523973811,1261,597,664,422
523973812,1711,851,860,704
523973813,2995,1512,1483,1327
523973814,3376,1709,1667,1403
523973821,788,394,394,330
523973822,1367,674,693,552
523973823,2750,1349,1401,1218
523973824,3035,1481,1554,1203
523973831,1475,731,744,600
523973832,367,179,188,138
523973833,2998,1519,1479,1233
523973834,2407,1178,1229,895
523973842,282,146,136,121
523973843,2481,1205,1276,899
523973844,3220,1590,1630,1161
523973853,2150,1069,1081,1043
523973854,2086,1021,1065,911
523973861,547,277,270,195
523973862,1660,803,857,582
523973863,2377,1182,1195,883
523973864,3074,1482,1592,1133
523973871,2567,1248,1319,984
523973872,2429,1129,1300,1017
523973873,2926,1397,1529,1177
523973874,2442,1148,1294,1043
523973881,2123,960,1163,808
523973882,2790,1359,1431,1090
523973883,2231,1045,1186,880
523973884,2500,1185,1315,931
523973891,1571,722,849,622
523973892,1882,872,1010,734
523973893,1799,865,934,693
523973894,1665,761,904,651
523973901,681,319,362,189
523973902,2537,1293,1244,896
523973903,1736,917,819,669
523973904,1806,888,918,604
523973911,2463,1233,1230,1074
523973912,3273,1659,1614,1361
523973913,2479,1263,1216,954
523973914,2884,1418,1466,1189
523973921,2969,1439,1530,1371
523973922,3035,1425,1610,1381
523973923,2446,1182,1264,1111
523973924,2434,1143,1291,1163
523973931,3508,1743,1765,1439
523973932,3495,1713,1782,1321
523973933,3030,1475,1555,1229
523973934,3641,1838,1803,1385
523973941,3326,1635,1691,1221
523973942,3011,1484,1527,1152
523973943,3018,1438,1580,1159
523973944,2842,1401,1441,1070
523973951,2951,1417,1534,1109
523973952,2967,1460,1507,1153
523973953,3239,1586,1653,1339
523973954,2878,1497,1381,1300
523973961,2222,1118,1104,862
523973962,2420,1198,1222,888
523973963,2672,1381,1291,1142
523973964,2658,1359,1299,1152
523973971,2004,991,1013,763
523973972,2603,1222,1381,1051
523973973,2142,1087,1055,789
523973974,2738,1323,1415,1185
523973981,2314,1092,1222,879
523973982,2585,1221,1364,1119
523973983,2600,1226,1374,1077
523973984,2914,1431,1483,1275
523973991,1942,952,990,731
523973992,251,120,131,97
523973993,555,275,280,218
523973994,3369,1698,1671,1302
523974061,4,1,3,1
523974062,51,26,25,23
523974063,70,35,35,29
523974064,155,75,80,70
523974071,452,220,232,189
523974072,40,18,22,15
523974073,39,20,19,15
523974081,19,11,8,8
523974082,30,14,16,11
523974083,3,2,1,2
523974084,671,324,347,257
523974153,31,13,18,15
523974154,90,45,45,44
523974161,349,164,185,125
523974162,1383,659,724,502
523974163,727,330,397,306
523974164,1927,892,1035,703
523974171,671,332,339,251
523974172,169,84,85,64
523974173,1401,670,731,501
523974174,532,255,277,197
523974181,57,24,33,23
523974183,412,174,238,129
523974184,207,100,107,88
523974193,358,181,177,125
523974194,248,114,134,91
523974251,136,66,70,54
523974252,711,342,369,278
523974254,1446,682,764,562
523974261,238,111,127,90
523974262,1205,570,635,459
523974263,1829,853,976,680
523974264,830,394,436,324
523974271,1305,601,704,490
523974272,548,262,286,184
523974273,190,84,106,76
523974274,108,52,56,44
523974281,170,86,84,59
523974282,385,190,195,141
523974284,13,8,5,6
523974291,223,104,119,80
523974292,54,27,27,18
523974352,1340,631,709,484
523974354,391,187,204,156
523974361,1372,664,708,518
523974362,148,66,82,58
523974363,995,464,531,397
523974364,335,158,177,118
523974373,421,203,218,149
523974374,38,21,17,12
523974452,725,332,393,322
523974454,456,222,234,212
523974461,609,313,296,223
523974462,936,434,502,344
523974463,1259,608,651,538
523974464,933,452,481,358
523974471,1301,615,686,488
523974472,68,36,32,20
523974473,2167,1041,1126,816
523974474,842,393,449,331
523974483,719,331,388,277
523974484,246,114,132,91
523974493,492,225,267,174
523974494,1,1,0,1
523974541,61,29,32,34
523974542,262,129,133,106
523974543,440,209,231,202
523974544,1447,675,772,630
523974551,138,66,72,68
523974552,1644,797,847,687
523974553,959,484,475,380
523974554,2739,1307,1432,1087
523974561,2179,1006,1173,927
523974562,2354,1103,1251,974
523974563,1683,768,915,761
523974564,2008,944,1064,850
523974571,1337,612,725,493
523974572,559,253,306,237
523974573,2351,1159,1192,954
523974574,1830,890,940,776
523974581,867,404,463,333
523974582,1513,752,761,500
523974583,2341,1108,1233,993
523974584,1453,679,774,567
523974591,766,380,386,269
523974592,452,214,238,157
523974593,796,400,396,300
523974594,1563,782,781,631
523974603,556,260,296,157
523974604,1155,556,599,451
523974611,126,36,90,26
523974612,305,138,167,125
523974613,564,261,303,222
523974614,883,401,482,356
523974621,68,27,41,25
523974623,1054,498,556,426
523974624,321,113,208,86
523974634,468,219,249,169
523974641,392,189,203,167
523974642,1979,940,1039,764
523974643,1948,931,1017,789
523974644,1034,494,540,406
523974651,2386,1145,1241,927
523974652,1698,810,888,666
523974653,1290,594,696,454
523974654,1428,683,745,525
523974661,1298,648,650,510
523974662,1170,548,622,472
523974663,929,480,449,375
523974664,65,32,33,22
523974671,1162,545,617,477
523974672,2973,1414,1559,1168
523974673,263,131,132,101
523974674,2058,978,1080,798
523974681,747,342,405,296
523974682,87,38,49,38
523974683,493,222,271,154
523974684,10,4,6,5
523974691,435,215,220,162
523974692,947,473,474,369
523974693,1048,495,553,367
523974694,1300,638,662,478
523974701,1074,515,559,418
523974702,904,432,472,344
523974703,1686,813,873,652
523974704,615,288,327,241
523974711,1714,792,922,657
523974712,1663,785,878,644
523974713,923,418,505,352
523974714,811,364,447,324
523974721,634,285,349,256
523974722,1597,728,869,706
523974723,485,225,260,199
523974724,959,422,537,375
523974731,1358,632,726,570
523974732,2009,932,1077,866
523974733,1603,750,853,647
523974734,2129,987,1142,922
523974741,2549,1151,1398,1016
523974742,1398,652,746,526
523974743,2058,943,1115,909
523974744,1238,582,656,517
523974751,151,75,76,59
523974752,1672,798,874,636
523974753,645,282,363,250
523974754,1005,467,538,389
523974761,761,359,402,277
523974763,921,404,517,321
523974772,76,33,43,26
523974782,481,220,261,171
523974784,2972,1428,1544,999
523974791,2249,1090,1159,805
523974792,2069,1048,1021,849
523974793,2351,1166,1185,927
523974794,1979,1009,970,820
523974801,1687,794,893,654
523974802,1680,793,887,658
523974803,1960,925,1035,774
523974804,1133,541,592,434
523974811,625,293,332,260
523974812,886,381,505,310
523974813,1334,623,711,526
523974814,1042,519,523,409
523974821,974,453,521,392
523974822,585,280,305,247
523974823,1206,569,637,447
523974824,275,130,145,114
523974831,1104,519,585,446
523974832,1231,536,695,496
523974833,817,388,429,333
523974834,457,194,263,201
523974841,1146,500,646,518
523974842,583,257,326,229
523974843,1971,835,1136,785
523974844,1492,666,826,671
523974851,423,201,222,173
523974852,762,339,423,300
523974853,1187,546,641,467
523974854,1166,545,621,472
523974861,858,411,447,347
523974862,49,28,21,19
523974863,424,199,225,152
523974864,196,100,96,76
523974874,1614,777,837,569
523974881,397,200,197,141
523974882,3683,1829,1854,1467
523974883,1532,730,802,558
523974884,3487,1684,1803,1446
523974891,3240,1615,1625,1185
523974892,2919,1473,1446,1347
523974893,3056,1499,1557,1375
523974894,2004,1016,988,1000
523974901,1160,587,573,440
523974902,1633,801,832,640
523974903,1395,710,685,569
523974904,1278,633,645,499
523974911,888,441,447,331
523974912,2137,1052,1085,837
523974913,1826,908,918,763
523974914,1365,646,719,539
523974921,1682,790,892,633
523974922,573,275,298,254
523974923,1538,720,818,624
523974924,1133,507,626,453
523974931,376,177,199,159
523974932,765,343,422,339
523974933,543,251,292,209
523974934,163,73,90,68
523974941,761,359,402,308
523974942,598,259,339,237
523974943,296,156,140,152
523974944,376,186,190,165
523974951,667,287,380,275
523974952,663,308,355,270
523974953,551,267,284,222
523974954,159,79,80,66
523974961,54,27,27,21
523974962,43,22,21,17
523974963,2,1,1,2
523974971,135,33,102,2
523974972,1312,651,661,460
523974974,691,357,334,265
523974981,2478,1233,1245,950
523974982,1807,934,873,776
523974983,3156,1592,1564,1260
523974984,3810,1932,1878,1490
523974991,2922,1513,1409,1479
523974992,3229,1706,1523,1696
523974993,1255,651,604,519
523974994,1910,944,966,930
523975004,31,13,18,8
523975011,66,34,32,27
523975012,492,248,244,181
523975013,924,410,514,404
523975014,1863,937,926,677
523975021,1489,703,786,545
523975022,881,415,466,317
523975023,2402,1191,1211,855
523975024,2440,1184,1256,946
523975031,2726,1319,1407,1067
523975032,2471,1228,1243,890
523975033,2514,1209,1305,1054
523975034,2778,1310,1468,1195
523975041,2449,1247,1202,967
523975042,3505,1776,1729,1591
523975043,1713,868,845,728
523975044,1998,1001,997,768
523975051,1939,976,963,662
523975052,3055,1519,1536,947
523975053,1931,922,1009,733
523975054,1730,852,878,619
523975061,2346,1177,1169,763
523975062,1817,909,908,725
523975063,2406,1186,1220,936
523975064,2462,1238,1224,917
523975071,1888,926,962,763
523975072,3705,1808,1897,1330
523975073,2568,1248,1320,1034
523975074,454,235,219,206
523975081,2223,1111,1112,810
523975082,1430,694,736,495
523975083,1524,773,751,500
523975084,809,393,416,297
523975091,169,81,88,58
523975093,99,48,51,31
523975094,3,3,0,1
523975101,22,11,11,10
523975102,285,139,146,101
523975103,565,283,282,199
523975104,414,204,210,155
523975111,1487,743,744,558
523975112,2528,1176,1352,1035
523975113,1297,604,693,476
523975114,2205,1056,1149,891
523975121,3171,1540,1631,1269
523975122,2627,1240,1387,1109
523975123,3471,1680,1791,1151
523975124,3104,1475,1629,1246
523975131,2528,1237,1291,1044
523975132,2298,1085,1213,875
523975133,1771,870,901,709
523975134,2553,1247,1306,1064
523975141,2765,1349,1416,1074
523975142,3075,1501,1574,1295
523975143,1511,706,805,615
523975144,1947,921,1026,825
523975151,2234,1098,1136,927
523975152,2639,1260,1379,1083
523975153,1951,911,1040,866
523975154,1547,742,805,599
523975161,2210,1059,1151,862
523975162,1776,844,932,644
523975163,533,249,284,200
523975164,538,261,277,201
523975171,1516,733,783,581
523975172,1874,1742,132,14
523975173,253,127,126,85
523975174,42,19,23,13
523975181,105,44,61,40
523975182,1413,714,699,559
523975183,556,244,312,150
523975184,6,3,3,3
523975191,25,10,15,9
523975201,27,13,14,9
523975202,156,77,79,50
523975204,25,12,13,8
523975211,836,411,425,300
523975212,1783,872,911,644
523975213,293,143,150,90
523975214,1062,510,552,356
523975221,2000,973,1027,752
523975222,1890,911,979,732
523975223,2363,1136,1227,854
523975224,2680,1254,1426,999
523975231,1421,664,757,560
523975232,2682,1257,1425,1199
523975233,2334,1145,1189,989
523975234,2439,1135,1304,1040
523975241,2681,1246,1435,1149
523975242,1661,820,841,703
523975243,4257,2094,2163,1861
523975244,2690,1342,1348,939
523975251,6,5,1,5
523975302,8,4,4,3
523975303,41,25,16,20
523975304,160,75,85,72
523975311,17,10,7,7
523975312,341,161,180,134
523975313,731,360,371,279
523975314,1254,568,686,451
523975321,1277,626,651,527
523975322,1702,806,896,766
523975323,2070,980,1090,864
523975324,1558,752,806,740
523975331,2583,1268,1315,1136
523975332,1968,937,1031,919
523975333,2572,1216,1356,1108
523975334,1240,543,697,597
523975341,2214,1097,1117,1153
523975342,1,0,1,1
523975343,481,237,244,251
523975401,198,88,110,80
523975402,507,265,242,200
523975403,527,245,282,192
523975404,1490,730,760,624
523975411,875,417,458,352
523975412,1619,785,834,652
523975413,1008,508,500,407
523975414,1298,762,536,417
523975421,3108,2367,741,548
523975422,615,601,14,26
523975423,565,552,13,6
523975431,13,6,7,6
523975432,736,351,385,355
523975441,12,6,6,5
523975501,1501,737,764,555
523975502,1084,720,364,294
523975503,1386,680,706,515
523975511,467,239,228,208
523975512,229,138,91,97
523975514,1,1,0,1
523975601,2914,1409,1505,1084
523975602,1298,1225,73,57
523975603,2658,1346,1312,967
523975604,2041,978,1063,753
523975613,245,107,138,100
523975701,2287,1182,1105,953
523975702,2137,1101,1036,850
523975703,2524,1300,1224,1062
523975704,1890,1175,715,1105
523975711,7,3,4,4
523975713,34,19,15,15
523975801,3752,1890,1862,1562
523975802,1430,734,696,552
523975803,3033,1498,1535,1255
523975804,574,276,298,227
523975901,1024,538,486,437
523975902,1289,686,603,592
523975903,3517,1708,1809,1591
523975904,1388,714,674,629
523976091,217,104,113,83
523976092,172,83,89,70
523976093,161,82,79,47
523976094,97,50,47,36
523976191,12,8,4,4
523976192,76,37,39,23
523976193,1,0,1,1
523976194,24,11,13,8
523976282,70,34,36,20
523976283,86,40,46,30
523976284,176,84,92,54
523976291,132,65,67,42
523976292,21,11,10,9
523976293,114,60,54,40
523976294,8,4,4,3
523976381,487,237,250,162
523976382,361,179,182,120
523976383,515,243,272,162
523976384,471,234,237,150
523976391,230,117,113,72
523976392,28,16,12,6
523976393,82,44,38,24
523976394,60,30,30,12
523976474,76,36,40,31
523976481,248,119,129,95
523976482,594,275,319,202
523976483,392,183,209,143
523976484,688,337,351,253
523976491,133,68,65,41
523976492,65,38,27,14
523976493,82,43,39,27
523976494,226,110,116,63
523976564,35,14,21,9
523976571,15,7,8,4
523976572,335,166,169,113
523976573,152,76,76,45
523976574,200,91,109,64
523976581,422,219,203,169
523976582,591,288,303,224
523976583,320,172,148,128
523976584,753,372,381,291
523976591,262,126,136,83
523976592,365,175,190,113
523976593,449,229,220,153
523976594,265,136,129,85
523976653,76,38,38,25
523976654,340,171,169,112
523976662,84,49,35,22
523976663,325,129,196,63
523976664,143,70,73,38
523976671,130,58,72,32
523976672,52,29,23,19
523976673,22,9,13,7
523976674,34,14,20,11
523976681,30,11,19,8
523976682,181,92,89,67
523976683,44,19,25,12
523976684,39,21,18,11
523976691,242,118,124,75
523976692,77,36,41,23
523976693,56,27,29,17
523976694,49,25,24,15
523976742,43,24,19,17
523976744,183,99,84,57
523976751,756,370,386,273
523976752,863,466,397,359
523976753,1037,509,528,339
523976754,1043,512,531,322
523976761,199,99,100,63
523976762,140,75,65,33
523976763,253,128,125,70
523976764,209,92,117,59
523976771,68,35,33,19
523976772,79,36,43,22
523976773,64,30,34,16
523976774,21,11,10,6
523976781,45,19,26,13
523976782,108,54,54,33
523976783,142,76,66,41
523976784,138,65,73,41
523976791,45,19,26,12
523976792,20,9,11,8
523976793,65,11,54,6
523976852,29,14,15,9
523976861,69,35,34,22
523976862,161,81,80,50
523976871,412,202,210,121
523976872,150,69,81,49
523976873,744,374,370,239
523976874,726,363,363,223
523976881,30,15,15,11
523976882,346,178,168,107
523976883,819,458,361,349
523976884,892,457,435,309
523976891,241,115,126,78
523976892,63,31,32,17
523976893,602,307,295,210
523976894,93,42,51,28
523976971,65,30,35,24
523976972,785,399,386,267
523976974,313,184,129,140
523976981,958,465,493,319
523976982,1012,494,518,349
523976983,1373,695,678,508
523976984,679,342,337,242
523976991,341,160,181,129
523976992,122,62,60,31
523976993,246,117,129,92
523976994,915,483,432,362
523977001,61,32,29,21
523977002,47,23,24,17
523977003,45,24,21,19
523977004,66,32,34,18
523977011,10,6,4,3
523977013,26,15,11,8
523977014,14,6,8,3
523977021,9,3,6,4
523977023,27,13,14,7
523977051,16,9,7,7
523977064,48,23,25,15
523977071,28,13,15,8
523977073,19,9,10,8
523977091,6,2,4,1
523977092,157,65,92,48
523977093,37,23,14,10
523977094,104,51,53,33
523977101,279,131,148,96
523977102,245,113,132,88
523977103,229,110,119,71
523977104,115,59,56,35
523977111,225,127,98,72
523977112,104,50,54,31
523977113,162,78,84,55
523977114,49,29,20,17
523977121,25,12,13,5
523977122,14,5,9,6
523977123,46,23,23,16
523977124,54,22,32,14
523977163,2,1,1,1
523977181,30,14,16,12
523977182,11,10,1,11
523977191,25,9,16,6
523977192,122,57,65,32
523977193,66,35,31,17
523977201,27,13,14,9
523977202,13,5,8,3
523977203,7,4,3,3
523977204,22,12,10,7
523977211,37,19,18,9
523977212,93,34,59,15
523977213,34,16,18,8
523977214,36,19,17,9
523977221,12,7,5,4
523977222,28,15,13,9
523977223,34,19,15,10
523977224,2,1,1,1
523977231,16,8,8,5
523977232,19,11,8,5
523977233,47,27,20,11
523977234,26,13,13,8
523977243,34,17,17,8
523977252,8,3,5,3
523977261,10,5,5,2
523977284,16,7,9,4
523977291,155,77,78,43
523977292,144,73,71,37
523977293,33,17,16,10
523977294,43,23,20,13
523977301,29,10,19,7
523977302,13,6,7,3
523977303,75,38,37,23
523977304,63,32,31,15
523977311,12,6,6,5
523977313,75,31,44,18
523977314,53,25,28,11
523977321,6,3,3,1
523977322,9,5,4,4
523977323,13,9,4,2
523977324,7,3,4,2
523977332,11,5,6,4
523977333,8,4,4,3
523977334,33,16,17,11
523977341,6,3,3,2
523977342,14,8,6,7
523977343,78,30,48,9
523977344,15,6,9,5
523977351,49,26,23,17
523977352,1,1,0,1
523977353,25,14,11,6
523977354,88,55,33,2
523977361,8,5,3,2
523977363,34,16,18,10
523977364,27,11,16,6
523977371,1,1,0,1
523977373,26,15,11,6
523977374,35,20,15,8
523977381,94,48,46,24
523977382,164,75,89,40
523977383,48,26,22,13
523977384,56,29,27,17
523977391,49,28,21,12
523977392,45,21,24,13
523977393,98,48,50,28
523977394,9,5,4,3
523977401,139,71,68,39
523977402,111,59,52,32
523977403,44,18,26,14
523977404,28,15,13,11
523977411,158,55,103,20
523977412,73,36,37,17
523977413,59,29,30,15
523977414,30,15,15,7
523977421,40,19,21,11
523977422,15,7,8,4
523977423,35,15,20,8
523977424,2,1,1,1
523977431,41,21,20,9
523977432,12,5,7,4
523977433,32,16,16,10
523977434,34,18,16,12
523977441,54,22,32,12
523977442,19,10,9,6
523977443,61,27,34,14
523977444,42,20,22,17
523977451,18,8,10,7
523977452,61,25,36,16
523977453,65,30,35,20
523977454,26,12,14,8
523977461,3,2,1,1
523977463,23,11,12,8
523977464,18,11,7,5
523977471,24,7,17,8
523977472,60,30,30,19
523977473,55,30,25,13
523977474,5,2,3,2
523977481,88,45,43,30
523977482,82,42,40,25
523977483,82,40,42,27
523977484,189,97,92,54
523977491,122,66,56,35
523977492,17,10,7,7
523977493,244,120,124,66
523977494,19,9,10,7
523977501,35,18,17,10
523977502,16,9,7,4
523977503,89,44,45,26
523977504,71,33,38,21
523977511,44,20,24,13
523977512,17,8,9,7
523977513,69,32,37,23
523977514,48,24,24,11
523977521,2,1,1,1
523977524,51,27,24,14
523977531,95,47,48,21
523977532,25,10,15,5
523977533,44,21,23,10
523977534,21,12,9,7
523977541,48,22,26,12
523977542,20,11,9,5
523977543,660,360,300,255
523977544,44,18,26,10
523977551,41,22,19,12
523977552,27,17,10,8
523977553,107,61,46,29
523977554,337,173,164,96
523977561,101,52,49,34
523977562,159,81,78,52
523977563,260,126,134,82
523977564,273,137,136,92
523977571,114,55,59,34
523977572,15,8,7,5
523977573,108,52,56,32
523977574,85,44,41,30
523977581,44,24,20,18
523977582,108,51,57,33
523977583,163,82,81,49
523977584,79,43,36,20
523977591,154,77,77,46
523977592,12,6,6,4
523977593,34,16,18,8
523977594,22,12,10,5
523977601,62,29,33,18
523977602,110,59,51,31
523977603,50,25,25,16
523977604,21,11,10,7
523977614,10,5,5,3
523977621,33,13,20,10
523977622,104,47,57,31
523977623,21,12,9,7
523977624,45,24,21,17
523977631,23,9,14,8
523977632,84,42,42,21
523977633,350,175,175,117
523977634,1042,609,433,458
523977641,847,431,416,265
523977642,76,34,42,26
523977643,451,234,217,139
523977644,45,25,20,16
523977651,84,42,42,29
523977652,366,178,188,115
523977653,44,20,24,12
523977654,591,303,288,177
523977661,755,348,407,285
523977662,492,239,253,188
523977663,323,163,160,105
523977664,343,163,180,115
523977671,506,250,256,157
523977672,210,102,108,67
523977673,143,65,78,41
523977674,34,16,18,10
523977681,146,67,79,45
523977682,78,30,48,21
523977683,48,22,26,11
523977684,59,26,33,15
523977691,33,15,18,11
523977692,30,15,15,8
523977693,112,52,60,33
523977694,29,10,19,8
523977701,99,43,56,30
523977702,100,55,45,26
523977704,26,11,15,8
523977711,14,7,7,4
523977712,42,25,17,12
523977713,86,41,45,22
523977714,63,29,34,20
523977721,21,11,10,5
523977722,61,33,28,20
523977723,48,21,27,14
523977724,90,46,44,23
523977731,752,437,315,325
523977732,913,454,459,293
523977733,362,182,180,112
523977734,1499,761,738,539
523977741,62,32,30,23
523977742,89,43,46,30
523977743,210,104,106,62
523977744,70,26,44,9
523977751,113,58,55,29
523977752,55,28,27,14
523977753,73,40,33,20
523977754,74,37,37,21
523977761,31,11,20,6
523977762,205,102,103,61
523977763,163,79,84,44
523977764,155,63,92,31
523977771,98,54,44,26
523977772,28,12,16,6
523977773,21,12,9,5
523977781,54,28,26,14
523977782,14,8,6,2
523977783,1,1,0,1
523977784,18,11,7,5
523977791,36,14,22,11
523977792,12,5,7,3
523977793,17,11,6,8
523977801,111,55,56,31
523977802,155,77,78,52
523977803,315,157,158,101
523977804,113,49,64,36
523977811,190,97,93,64
523977812,87,46,41,32
523977813,26,14,12,9
523977814,795,470,325,396
523977821,112,52,60,32
523977822,147,57,90,25
523977823,506,252,254,189
523977824,867,425,442,329
523977831,1414,689,725,521
523977832,1640,761,879,584
523977833,2126,1047,1079,750
523977834,1619,842,777,579
523977841,540,270,270,205
523977842,47,17,30,12
523977843,821,397,424,318
523977844,835,453,382,350
523977851,80,34,46,25
523977852,25,14,11,7
523977853,513,282,231,206
523977871,28,13,15,8
523977874,4,2,2,1
523977891,2,2,0,1
523977901,91,79,12,77
523977902,167,81,86,58
523977903,582,282,300,210
523977904,1190,602,588,411
523977911,567,309,258,240
523977912,1303,633,670,502
523977913,1065,524,541,424
523977914,984,484,500,426
523977921,1421,721,700,576
523977922,1260,627,633,487
523977923,817,402,415,364
523977924,1579,754,825,646
523977931,1331,649,682,488
523977932,1792,891,901,591
523977933,1772,926,846,668
523977934,1567,784,783,574
523977941,715,339,376,263
523977942,1238,726,512,568
523977943,741,361,380,255
523977944,75,69,6,65
523977951,319,163,156,111
523977954,103,49,54,37
523977961,2,1,1,1
523977962,2,1,1,1
523977963,299,152,147,95
523977964,4,2,2,2
523977973,7,3,4,2
523977982,16,8,8,5
523977992,14,7,7,3
523977994,8,5,3,3
