KEY_CODE,T000609001,T000609002,T000609003,T000609004
,êlå˚ëçêî,íj,èó,ê¢ë—ëçêî
523900903,8,4,4,4
523902482,2,1,1,1
523902493,7,3,4,3
523902494,2,1,1,2
523902582,19,8,11,10
523902584,3,2,1,2
523902592,4,2,2,2
523902593,3,2,1,2
523902681,2,1,1,1
523902683,12,11,1,10
523902781,82,37,45,40
523902782,9,6,3,6
523902783,181,92,89,105
523902784,44,21,23,27
523902882,25,15,10,14
523902884,66,29,37,32
523902981,1,0,1,1
523902982,98,48,50,58
523902983,243,126,117,151
523902984,401,196,205,183
523902991,40,18,22,16
523902993,70,42,28,36
523902994,4,1,3,2
523903124,24,10,14,17
523903133,216,102,114,108
523903134,23,11,12,14
523903143,4,2,2,3
523903144,192,99,93,103
523903153,35,16,19,18
523903213,19,6,13,9
523903214,10,6,4,7
523903221,53,25,28,22
523903222,162,76,86,77
523903223,35,18,17,18
523903224,23,12,11,14
523903231,178,97,81,108
523903232,103,56,47,45
523903234,23,10,13,10
523903241,45,22,23,27
523903242,260,144,116,135
523903243,52,27,25,33
523903244,102,48,54,52
523903251,180,88,92,89
523903252,14,6,8,10
523903253,270,133,137,136
523903302,17,10,7,13
523903304,16,6,10,7
523903311,106,47,59,54
523903312,32,16,16,16
523903313,3,2,1,2
523903314,17,9,8,9
523903321,8,4,4,4
523903322,8,4,4,4
523903332,210,128,82,32
523903333,4,1,3,2
523903341,3,0,3,3
523903344,2,1,1,1
523903351,29,20,9,22
523903352,192,140,52,10
523903353,8,3,5,4
523903354,13,6,7,7
523903451,1,0,1,1
523910001,72,34,38,31
523910002,308,138,170,115
523910004,78,38,40,31
523910011,8,3,5,3
523910013,184,92,92,63
523910014,92,46,46,35
523910102,8,3,5,2
523910104,17,9,8,6
523910111,7,5,2,3
523910112,90,43,47,32
523910113,73,38,35,19
523910114,180,79,101,78
523910123,13,6,7,4
523910124,51,24,27,24
523910133,59,28,31,36
523910202,62,29,33,19
523910203,28,11,17,10
523910204,58,29,29,21
523910211,67,31,36,20
523910212,9,4,5,7
523910221,122,54,68,43
523910222,885,444,441,402
523910223,174,80,94,53
523910224,477,224,253,195
523910231,1505,695,810,647
523910232,737,338,399,303
523910233,1080,482,598,449
523910234,286,135,151,113
523910301,16,9,7,9
523910302,15,6,9,5
523910304,3,2,1,2
523910312,32,16,16,13
523910321,198,95,103,74
523910322,57,30,27,22
523910323,64,33,31,21
523910331,348,167,181,145
523910332,80,42,38,27
523910333,52,31,21,22
523910334,182,74,108,97
523910343,62,32,30,6
523910413,1,0,1,1
523910414,27,15,12,10
523910421,4,2,2,1
523910432,130,62,68,40
523910441,39,18,21,25
523910442,4,2,2,2
523910444,5,3,2,2
523910511,9,3,6,4
523910512,6,1,5,2
523910543,1,1,0,1
523910544,72,38,34,31
523910622,21,11,10,9
523910632,3,2,1,1
523910633,45,21,24,14
523910634,288,139,149,107
523910641,27,14,13,10
523910642,439,210,229,186
523910643,397,173,224,168
523910644,754,361,393,244
523910651,65,29,36,51
523910653,276,146,130,138
523910731,104,36,68,27
523910732,70,31,39,30
523910733,18,10,8,7
523910734,3,2,1,1
523910741,65,36,29,28
523910742,276,135,141,110
523910743,130,64,66,50
523910744,351,163,188,153
523910751,256,107,149,112
523910753,438,213,225,229
523910754,123,63,60,70
523910804,4,3,1,4
523910832,63,30,33,24
523910834,49,19,30,16
523910841,91,43,48,37
523910842,670,308,362,284
523910843,44,11,33,31
523910844,366,169,197,178
523910851,162,73,89,65
523910852,87,47,40,43
523910853,23,11,12,10
523910854,75,39,36,45
523910902,26,15,11,15
523910903,10,4,6,6
523910904,31,16,15,17
523910911,3,1,2,2
523910932,18,8,10,10
523910934,78,41,37,41
523910941,91,39,52,55
523910942,27,11,16,14
523910943,14,7,7,8
523910951,71,37,34,27
523910952,97,47,50,34
523910953,63,31,32,29
523910954,95,41,54,43
523910961,44,21,23,33
523910963,7,4,3,6
523912072,4,1,3,2
523912081,286,136,150,156
523912082,446,219,227,230
523912083,103,52,51,52
523912084,192,92,100,86
523912091,22,8,14,12
523912093,8,4,4,4
523912181,306,151,155,146
523912182,150,82,68,83
523912183,97,50,47,48
523912184,98,46,52,21
523912191,11,6,5,5
523912194,3,2,1,2
523912281,46,27,19,28
523912282,26,12,14,10
523912283,32,16,16,15
523912284,124,60,64,60
523912291,38,16,22,16
523912292,15,8,7,7
523912293,186,72,114,47
523912294,44,21,23,22
523912381,82,45,37,41
523912382,53,27,26,22
523912383,75,38,37,30
523912384,17,11,6,14
523912391,75,30,45,41
523912392,104,48,56,52
523912393,155,73,82,69
523912394,114,54,60,58
523912481,26,10,16,12
523912482,32,14,18,20
523912483,1,0,1,1
523912484,36,20,16,17
523912491,33,14,19,13
523912492,60,28,32,28
523912493,9,4,5,6
523912494,56,26,30,25
523912582,24,13,11,12
523912591,66,34,32,28
523912592,21,12,9,11
523913144,3,1,2,2
523913201,11,7,4,5
523913203,81,41,40,43
523913212,10,5,5,3
523913214,8,3,5,3
523913221,4,2,2,2
523913222,12,7,5,4
523913223,1,0,1,1
523913224,12,6,6,7
523913233,1,0,1,1
523913242,2,1,1,1
523913243,7,3,4,2
523913301,48,28,20,26
523913302,6,2,4,2
523913303,150,67,83,69
523913304,82,39,43,41
523913312,23,10,13,11
523913313,17,11,6,9
523913314,3,1,2,1
523913321,33,17,16,15
523913322,4,3,1,3
523913324,6,4,2,3
523913332,60,25,35,28
523913333,113,50,63,65
523913334,31,19,12,15
523913341,3,2,1,1
523913401,63,31,32,32
523913402,33,15,18,17
523913403,18,9,9,8
523913411,134,62,72,67
523913412,8,3,5,4
523913413,98,55,43,55
523913414,10,3,7,5
523913422,32,18,14,18
523913431,48,25,23,27
523920002,6,3,3,3
523920011,4,2,2,1
523920042,12,7,5,5
523920051,76,36,40,27
523920052,36,16,20,18
523920053,53,25,28,18
523920054,133,64,69,47
523920061,1,1,0,1
523920063,28,12,16,13
523920151,31,13,18,10
523920152,224,98,126,92
523920153,10,4,6,6
523920154,124,59,65,55
523920161,7,4,3,4
523920163,73,41,32,36
523920242,2,1,1,2
523920252,18,9,9,9
523920254,58,29,29,31
523920261,2,1,1,1
523920262,2,1,1,1
523920263,29,14,15,12
523920264,12,5,7,6
523920273,5,2,3,2
523920351,35,14,21,17
523920352,115,56,59,56
523920353,21,11,10,13
523920354,2,1,1,2
523920361,47,24,23,30
523920362,65,33,32,25
523920364,13,5,8,4
523920371,264,116,148,147
523920372,16,10,6,10
523920373,90,48,42,39
523920374,62,23,39,37
523920434,1,0,1,1
523920461,12,4,8,8
523920462,61,26,35,26
523920463,5,2,3,3
523920464,89,42,47,44
523920471,28,9,19,6
523920472,124,61,63,56
523920474,273,125,148,121
523920481,196,92,104,79
523920483,539,235,304,238
523920484,131,64,67,52
523920493,57,16,41,1
523920532,20,10,10,10
523920533,8,3,5,5
523920534,4,2,2,2
523920572,103,48,55,46
523920574,166,79,87,72
523920581,697,334,363,304
523920582,439,175,264,160
523920583,326,161,165,137
523920584,178,81,97,79
523920591,362,136,226,111
523920592,22,11,11,11
523920593,408,195,213,166
523920594,103,51,52,50
523920622,4,2,2,2
523920631,5,2,3,4
523920633,8,5,3,4
523920664,54,25,29,14
523920672,197,87,110,94
523920673,87,42,45,41
523920674,188,86,102,92
523920681,282,128,154,136
523920682,197,94,103,91
523920683,154,71,83,75
523920684,126,59,67,62
523920691,295,133,162,121
523920692,137,65,72,66
523920693,160,78,82,78
523920694,160,76,84,72
523920714,7,4,3,4
523920721,37,19,18,28
523920722,1,0,1,1
523920723,13,7,6,7
523920731,10,4,6,6
523920762,215,105,110,76
523920764,123,57,66,40
523920771,163,73,90,69
523920772,175,82,93,85
523920773,65,33,32,34
523920774,156,73,83,70
523920781,151,70,81,69
523920782,224,105,119,105
523920783,259,119,140,120
523920784,253,120,133,117
523920791,164,79,85,71
523920792,79,35,44,36
523920793,265,123,142,110
523920794,88,46,42,47
523920821,12,5,7,9
523920823,9,6,3,7
523920831,1,1,0,1
523920862,62,36,26,24
523920864,5,3,2,3
523920871,2,1,1,1
523920874,6,2,4,4
523920881,157,71,86,77
523920882,230,114,116,113
523920883,84,34,50,42
523920884,212,102,110,107
523920891,161,76,85,74
523920892,126,58,68,61
523920893,209,94,115,104
523920894,41,18,23,21
523920964,11,4,7,4
523920971,34,17,17,11
523920972,18,8,10,7
523920973,12,6,6,2
523920974,71,37,34,36
523920981,73,39,34,39
523920982,230,101,129,120
523920983,93,45,48,48
523920984,179,83,96,88
523920991,114,57,57,55
523920992,83,40,43,38
523920994,36,20,16,15
523921503,17,8,9,8
523921601,6,3,3,5
523921603,213,93,120,101
523921604,60,28,32,31
523921701,183,80,103,74
523921702,216,103,113,86
523921703,93,45,48,39
523921704,44,21,23,16
523921711,4,3,1,2
523921801,179,83,96,78
523921802,22,10,12,9
523921803,74,39,35,32
523921804,641,290,351,262
523921813,34,13,21,13
523921901,237,119,118,89
523921902,355,166,189,149
523921903,141,74,67,58
523921904,151,58,93,36
523921911,34,16,18,18
523926864,10,3,7,5
523926872,6,2,4,3
523926873,152,75,77,62
523926874,141,63,78,58
523926883,31,15,16,14
523926884,7,2,5,2
523926893,1,0,1,1
523926894,331,144,187,138
523926954,63,26,37,28
523926962,1,1,0,1
523926963,44,19,25,22
523926971,47,23,24,22
523926972,162,73,89,66
523926981,91,40,51,31
523926982,93,48,45,36
523926991,109,48,61,45
523926992,202,104,98,87
523926993,1,0,1,1
523926994,148,67,81,60
523927802,46,19,27,22
523927803,198,80,118,53
523927804,379,183,196,155
523927811,66,29,37,26
523927813,346,156,190,153
523927814,304,141,163,146
523927823,274,122,152,121
523927824,149,67,82,67
523927833,17,6,11,7
523927901,47,19,28,18
523927902,114,52,62,41
523927903,13,6,7,5
523927911,64,27,37,32
523927912,320,143,177,128
523927921,268,124,144,106
523927922,180,84,96,80
523927931,277,121,156,118
523927932,173,79,94,74
523927933,23,10,13,10
523927934,100,48,52,42
523927941,14,8,6,5
523927943,97,44,53,42
523927944,26,12,14,8
523930001,11,6,5,7
523930003,132,67,65,42
523930014,23,8,15,23
523930023,6,3,3,3
523930024,2,1,1,1
523930062,1,0,1,1
523930071,179,93,86,73
523930072,220,108,112,94
523930073,79,34,45,31
523930074,216,102,114,81
523930081,210,108,102,94
523930082,56,24,32,17
523930083,196,90,106,90
523930084,84,39,45,39
523930091,1,1,0,1
523930092,41,22,19,20
523930093,39,20,19,18
523930101,152,77,75,47
523930103,85,38,47,28
523930111,213,125,88,58
523930112,133,49,84,132
523930113,5,1,4,2
523930114,36,22,14,24
523930163,11,6,5,3
523930171,123,56,67,43
523930172,525,253,272,202
523930173,346,162,184,143
523930174,1170,554,616,425
523930181,67,27,40,32
523930182,17,11,6,10
523930183,141,57,84,30
523930184,116,55,61,52
523930191,70,34,36,42
523930192,5,3,2,2
523930193,38,22,16,19
523930194,397,186,211,143
523930201,53,27,26,20
523930221,8,4,4,2
523930222,4,2,2,2
523930223,49,25,24,13
523930244,8,4,4,3
523930252,77,27,50,6
523930253,4,2,2,2
523930254,26,12,14,8
523930261,165,79,86,72
523930262,198,97,101,81
523930264,711,310,401,286
523930271,701,346,355,283
523930272,55,29,26,26
523930273,618,281,337,239
523930274,694,331,363,278
523930281,168,86,82,64
523930282,106,51,55,37
523930283,57,25,32,23
523930284,4,2,2,1
523930291,737,357,380,293
523930292,636,299,337,280
523930293,185,92,93,80
523930294,136,64,72,52
523930302,34,18,16,17
523930303,39,17,22,19
523930304,79,41,38,43
523930311,13,8,5,9
523930312,6,2,4,2
523930313,26,14,12,17
523930314,9,5,4,3
523930321,145,64,81,45
523930323,171,87,84,66
523930324,49,26,23,21
523930361,49,22,27,21
523930362,399,174,225,176
523930363,130,65,65,57
523930364,275,128,147,114
523930371,799,380,419,292
523930372,326,161,165,137
523930373,176,80,96,68
523930374,13,5,8,6
523930381,13,7,6,5
523930382,220,106,114,70
523930383,64,31,33,23
523930384,468,225,243,161
523930391,553,253,300,214
523930392,199,88,111,75
523930393,544,263,281,201
523930394,1632,735,897,648
523930401,53,23,30,20
523930402,45,22,23,17
523930403,138,54,84,29
523930404,22,10,12,10
523930411,8,4,4,4
523930422,134,62,72,44
523930424,23,11,12,6
523930451,1,1,0,1
523930452,1,0,1,1
523930453,20,7,13,12
523930454,57,26,31,33
523930462,195,98,97,86
523930463,154,72,82,68
523930464,815,388,427,364
523930471,522,245,277,222
523930472,434,222,212,169
523930473,1202,576,626,621
523930474,161,70,91,68
523930481,279,128,151,104
523930482,1352,669,683,528
523930483,457,217,240,195
523930484,791,382,409,331
523930491,919,430,489,371
523930492,1014,482,532,442
523930493,580,293,287,244
523930494,374,171,203,151
523930501,94,51,43,30
523930503,129,59,70,40
523930504,29,17,12,10
523930511,3,1,2,1
523930513,31,18,13,10
523930522,5,2,3,1
523930524,1,1,0,1
523930552,33,17,16,22
523930561,82,42,40,33
523930562,648,347,301,295
523930563,41,19,22,29
523930564,105,52,53,63
523930571,960,403,557,416
523930572,307,148,159,153
523930573,993,439,554,489
523930574,1481,667,814,702
523930581,414,189,225,187
523930582,87,41,46,33
523930583,1460,675,785,644
523930584,145,70,75,60
523930591,565,274,291,227
523930592,142,66,76,54
523930593,9,6,3,4
523930594,5,3,2,2
523930601,12,7,5,2
523930603,17,7,10,4
523930661,17,8,9,8
523930662,221,101,120,113
523930663,2,1,1,1
523930664,358,170,188,153
523930671,1498,652,846,779
523930672,1525,672,853,746
523930673,1444,623,821,627
523930674,1591,675,916,722
523930681,1425,674,751,675
523930682,676,310,366,286
523930683,33,14,19,20
523930684,161,78,83,70
523930691,21,9,12,11
523930693,119,60,59,50
523930694,10,4,6,4
523930721,6,3,3,3
523930723,3,2,1,2
523930724,4,2,2,2
523930742,5,3,2,1
523930744,25,13,12,8
523930751,6,3,3,2
523930753,26,17,9,8
523930762,3,2,1,1
523930763,16,6,10,9
523930764,168,76,92,73
523930771,959,447,512,467
523930772,246,102,144,127
523930773,235,112,123,114
523930822,13,7,6,6
523930841,2,1,1,1
523930843,87,39,48,47
523930852,5,3,2,2
523930861,5,3,2,2
523930862,7,4,3,3
523930864,4,2,2,2
523930871,65,30,35,33
523930873,47,25,22,26
523930941,75,35,40,39
523930942,60,28,32,36
523930943,5,3,2,3
523930944,75,33,42,40
523930953,103,52,51,40
523930954,24,15,9,7
523930961,12,6,6,5
523930962,28,12,16,13
523930964,112,55,57,40
523930971,8,2,6,8
523931001,29,17,12,10
523931002,69,35,34,28
523931003,42,21,21,23
523931004,86,45,41,31
523931013,89,42,47,34
523931101,52,26,26,18
523931102,110,58,52,49
523931103,104,50,54,48
523931104,38,20,18,19
523931111,50,23,27,28
523931201,2,1,1,1
523931202,16,9,7,9
523931203,2,1,1,1
523931211,4,2,2,1
523931301,97,43,54,46
523931302,24,12,12,12
523931303,1345,635,710,523
523931304,367,168,199,152
523931311,14,5,9,4
523931313,137,65,72,48
523931401,570,261,309,230
523931402,509,245,264,172
523936052,66,28,38,28
523936054,14,5,9,7
523936061,261,112,149,132
523936063,468,214,254,200
523936064,95,46,49,37
523936071,4,2,2,2
523936073,21,11,10,12
523936074,19,10,9,8
523936082,3,2,1,1
523936083,40,18,22,15
523936084,35,18,17,14
523936092,24,10,14,7
523936093,6,3,3,2
523936161,137,67,70,71
523936162,253,116,137,106
523936163,11,4,7,6
523936164,131,66,65,41
523936171,128,68,60,45
523936172,84,37,47,31
523936173,98,43,55,32
523936174,147,80,67,20
523936181,66,31,35,24
523936182,69,35,34,24
523936191,70,30,40,25
523936192,2,1,1,1
523936193,75,34,41,25
523936194,64,29,35,26
523936254,10,5,5,3
523936261,16,8,8,6
523936262,262,125,137,121
523936263,17,7,10,6
523936271,146,73,73,63
523936272,54,29,25,17
523936273,99,47,52,41
523936274,27,13,14,12
523936281,2,1,1,1
523936282,56,25,31,16
523936283,58,29,29,19
523936284,2,1,1,1
523936291,118,56,62,41
523936292,10,5,5,6
523936294,30,14,16,10
523936352,11,6,5,7
523936353,43,22,21,13
523936354,18,8,10,6
523936361,22,11,11,12
523936362,81,41,40,28
523936363,67,31,36,31
523936364,98,50,48,32
523936371,87,36,51,32
523936372,64,30,34,30
523936373,13,9,4,9
523936374,27,14,13,8
523936381,68,31,37,26
523936392,36,19,17,17
523936414,156,70,86,64
523936423,62,30,32,21
523936424,56,29,27,20
523936431,11,3,8,4
523936433,23,11,12,9
523936434,92,40,52,28
523936441,6,3,3,3
523936442,8,3,5,3
523936443,6,2,4,2
523936451,65,32,33,20
523936452,40,22,18,22
523936453,24,13,11,5
523936461,180,93,87,56
523936462,63,27,36,25
523936463,21,9,12,7
523936464,15,8,7,5
523936471,70,31,39,29
523936472,6,3,3,1
523936473,32,16,16,16
523936474,27,14,13,11
523936483,47,22,25,17
523936484,25,11,14,10
523936493,15,7,8,5
523936494,11,5,6,3
523936502,108,44,64,42
523936504,91,41,50,36
523936511,37,16,21,12
523936512,5,3,2,1
523936522,31,14,17,13
523936531,54,27,27,21
523936532,16,8,8,6
523936533,37,18,19,16
523936534,19,10,9,10
523936571,7,3,4,3
523936581,5,3,2,2
523936582,14,6,8,5
523936584,14,6,8,5
523936591,55,28,27,22
523936592,27,17,10,7
523936593,16,10,6,6
523936594,53,26,27,17
523936601,18,9,9,4
523936602,113,55,58,29
523936603,71,36,35,25
523936604,107,51,56,38
523936613,11,3,8,6
523936614,68,30,38,29
523936622,102,28,74,25
523936623,82,36,46,31
523936624,162,73,89,67
523936631,127,63,64,52
523936632,89,43,46,41
523936633,109,54,55,46
523936634,92,41,51,45
523936641,42,19,23,21
523936643,92,45,47,40
523936644,124,59,65,61
523936653,34,19,15,13
523936654,10,3,7,5
523936674,17,11,6,10
523936684,9,5,4,4
523936691,2,1,1,1
523936692,47,24,23,22
523936693,156,74,82,62
523936694,153,70,83,65
523936701,8,3,5,3
523936702,31,14,17,20
523936711,4,2,2,3
523936712,61,27,34,32
523936721,9,3,6,7
523936722,10,4,6,5
523936741,41,19,22,18
523936742,196,60,136,42
523936751,142,63,79,57
523936752,78,32,46,37
523936753,3,1,2,1
523936754,48,23,25,20
523936761,370,147,223,148
523936762,258,133,125,112
523936763,571,337,234,232
523936764,640,314,326,301
523936771,211,94,117,79
523936772,47,23,24,20
523936773,474,235,239,228
523936774,752,350,402,332
523936781,231,109,122,89
523936782,633,307,326,239
523936783,723,355,368,296
523936784,658,318,340,307
523936791,520,256,264,239
523936792,251,121,130,97
523936793,714,357,357,321
523936794,359,159,200,167
523936861,341,186,155,141
523936862,234,191,43,25
523936871,237,157,80,54
523936872,349,183,166,177
523936873,6,6,0,1
523936881,969,459,510,324
523936882,1263,586,677,586
523936883,153,78,75,70
523936884,840,383,457,380
523936891,1167,566,601,510
523936892,800,375,425,379
523936893,891,398,493,417
523936894,667,313,354,293
523936982,528,244,284,243
523936984,301,141,160,163
523936991,856,417,439,403
523936992,394,173,221,173
523936993,819,384,435,396
523936994,621,292,329,252
523937002,26,10,16,9
523937004,17,8,9,7
523937013,5,3,2,4
523937042,11,3,8,5
523937044,35,17,18,14
523937051,14,6,8,4
523937053,450,207,243,176
523937054,4,2,2,1
523937112,5,3,2,3
523937114,2,1,1,1
523937123,13,7,6,5
523937151,129,58,71,47
523937152,214,110,104,83
523937153,2,0,2,2
523937154,417,188,229,160
523937163,82,39,43,24
523937222,56,29,27,22
523937224,9,7,2,6
523937231,18,7,11,7
523937233,6,4,2,2
523937252,105,56,49,37
523937254,32,14,18,11
523937261,267,129,138,114
523937262,43,17,26,17
523937263,127,55,72,51
523937264,98,43,55,36
523937301,73,36,37,32
523937302,64,35,29,31
523937311,30,17,13,15
523937312,1,0,1,1
523937362,285,134,151,108
523937363,21,11,10,7
523937364,309,134,175,85
523937371,43,19,24,15
523937373,251,117,134,101
523937434,5,1,4,2
523937443,12,6,6,4
523937444,9,3,6,3
523937453,3,2,1,2
523937454,74,35,39,26
523937462,562,263,299,229
523937463,7,2,5,2
523937464,554,249,305,244
523937471,186,72,114,89
523937473,25,9,16,20
523937501,18,9,9,10
523937502,2,0,2,1
523937503,119,53,66,41
523937504,10,6,4,3
523937511,14,6,8,3
523937513,18,8,10,6
523937514,6,4,2,1
523937542,2,2,0,2
523937552,82,40,42,29
523937554,7,2,5,2
523937561,213,103,110,83
523937562,1034,467,567,393
523937563,350,168,182,148
523937564,413,188,225,167
523937571,20,7,13,14
523937601,75,33,42,27
523937602,64,33,31,22
523937603,66,26,40,25
523937604,60,30,30,17
523937611,103,54,49,32
523937612,4,2,2,3
523937613,66,32,34,19
523937622,11,7,4,4
523937624,14,6,8,6
523937631,13,6,7,4
523937633,46,29,17,20
523937634,35,17,18,13
523937641,5,2,3,1
523937643,36,17,19,13
523937644,44,16,28,12
523937652,11,5,6,3
523937653,15,6,9,4
523937661,330,154,176,122
523937662,264,104,160,79
523937663,273,133,140,105
523937664,216,103,113,98
523937701,234,117,117,85
523937702,57,30,27,27
523937703,132,66,66,51
523937704,41,21,20,15
523937711,104,48,56,39
523937712,119,56,63,35
523937713,7,3,4,4
523937714,19,9,10,6
523937721,2,0,2,2
523937732,32,20,12,13
523937741,73,38,35,30
523937742,38,17,21,15
523937743,8,3,5,2
523937744,94,48,46,33
523937751,17,11,6,8
523937752,11,5,6,5
523937753,67,31,36,22
523937754,215,106,109,85
523937761,378,185,193,158
523937762,294,138,156,140
523937763,369,163,206,132
523937764,200,99,101,76
523937771,53,29,24,28
523937773,166,72,94,74
523937801,235,114,121,95
523937802,145,67,78,51
523937803,217,104,113,98
523937804,188,105,83,96
523937811,46,22,24,14
523937812,60,29,31,26
523937813,271,115,156,65
523937814,201,98,103,72
523937821,44,21,23,15
523937824,2,1,1,1
523937831,1,1,0,1
523937832,2,1,1,1
523937833,53,29,24,20
523937834,51,22,29,16
523937841,16,8,8,6
523937843,17,9,8,7
523937844,13,6,7,8
523937851,32,13,19,14
523937852,132,70,62,54
523937853,47,24,23,16
523937854,24,13,11,10
523937861,83,41,42,33
523937862,105,56,49,38
523937863,19,10,9,5
523937864,97,47,50,33
523937871,371,170,201,140
523937872,114,56,58,41
523937873,344,155,189,118
523937874,114,56,58,38
523937901,288,139,149,119
523937902,199,125,74,114
523937903,636,324,312,257
523937904,7,3,4,3
523937911,153,70,83,56
523937913,259,124,135,97
523937914,69,34,35,28
523937922,34,14,20,12
523937923,162,87,75,61
523937924,150,74,76,66
523937931,50,25,25,17
523937932,154,73,81,53
523937933,196,87,109,78
523937934,57,29,28,22
523937952,4,2,2,1
523937953,60,31,29,20
523937954,2,1,1,2
523937961,85,41,44,33
523937962,45,22,23,20
523937963,11,7,4,3
523937964,23,12,11,12
523937971,136,65,71,48
523937972,7,3,4,4
523937973,46,27,19,13
523937974,64,37,27,23
523940001,3,2,1,2
523940002,154,152,2,3
523940003,1,1,0,1
523940013,1,1,0,1
523940014,16,7,9,3
523940023,10,5,5,3
523940041,33,19,14,14
523940042,60,27,33,34
523940043,6,3,3,5
523940044,12,5,7,6
523940051,367,132,235,91
523940052,627,304,323,258
523940053,19,11,8,15
523940054,249,123,126,101
523940061,1139,545,594,478
523940062,324,149,175,126
523940063,1615,780,835,720
523940064,818,368,450,321
523940073,45,19,26,18
523940074,42,21,21,15
523940101,6,3,3,2
523940102,4,2,2,1
523940103,26,12,14,8
523940104,88,46,42,25
523940111,2,1,1,1
523940112,33,14,19,12
523940113,24,11,13,6
523940123,10,3,7,2
523940142,26,14,12,14
523940151,18,11,7,11
523940152,64,31,33,25
523940153,12,5,7,5
523940154,460,219,241,174
523940161,1072,500,572,444
523940162,850,409,441,334
523940163,693,325,368,289
523940164,120,61,59,49
523940171,484,207,277,183
523940173,39,20,19,16
523940174,9,2,7,2
523940202,34,15,19,11
523940203,7,3,4,1
523940204,47,20,27,13
523940211,2,1,1,1
523940224,6,2,4,3
523940233,34,18,16,11
523940242,9,5,4,4
523940252,2,1,1,1
523940253,11,4,7,4
523940254,9,4,5,4
523940261,55,31,24,19
523940263,32,17,15,16
523940301,16,6,10,5
523940302,162,84,78,51
523940304,117,56,61,39
523940311,68,33,35,18
523940313,77,37,40,23
523940332,5,2,3,3
523940363,23,12,11,7
523940364,35,17,18,17
523940374,19,7,12,14
523940401,53,24,29,16
523940402,47,24,23,18
523940403,24,14,10,10
523940411,2,1,1,1
523940444,62,35,27,29
523940452,86,45,41,36
523940453,84,39,45,35
523940454,42,23,19,14
523940461,90,40,50,39
523940462,78,34,44,43
523940463,559,283,276,207
523940464,41,16,25,17
523940471,31,14,17,15
523940472,46,16,30,33
523940473,35,13,22,19
523940474,70,25,45,61
523940501,6,3,3,3
523940502,6,1,5,6
523940511,6,5,1,6
523940541,5,2,3,2
523940542,23,9,14,9
523940544,114,55,59,46
523940551,818,404,414,313
523940552,631,295,336,255
523940553,759,349,410,310
523940554,927,434,493,350
523940561,457,205,252,204
523940562,828,376,452,366
523940563,80,32,48,42
523940564,71,42,29,5
523940571,82,42,40,37
523940572,85,42,43,42
523940573,1140,506,634,475
523940574,78,38,40,36
523940642,36,16,20,14
523940651,420,204,216,165
523940652,298,141,157,112
523940653,146,63,83,60
523940654,41,20,21,15
523940703,22,9,13,13
523940751,199,90,109,77
523940752,1037,470,567,444
523940753,466,230,236,199
523940754,617,290,327,272
523940763,1,0,1,1
523940801,2,2,0,2
523940804,17,9,8,9
523940813,29,12,17,13
523940834,15,6,9,9
523940841,9,6,3,5
523940842,7,2,5,4
523940843,122,56,66,61
523940844,58,28,30,41
523940851,260,124,136,99
523940852,16,8,8,7
523940853,105,29,76,10
523940861,115,60,55,97
523940901,11,5,6,6
523940902,42,21,21,20
523940903,171,79,92,86
523940904,144,69,75,78
523940911,44,21,23,26
523940913,124,49,75,67
523940932,37,22,15,24
523940934,9,3,6,5
523940941,30,16,14,19
523940942,36,17,19,17
523940943,5,3,2,4
523940953,42,17,25,21
523940954,77,33,44,55
523941434,233,125,108,150
523941532,83,57,26,78
523946082,516,251,265,260
523946084,52,26,26,32
523946091,895,418,477,389
523946092,599,275,324,260
523946093,596,276,320,240
523946094,407,192,215,163
523946182,131,58,73,58
523946184,421,209,212,168
523946191,698,287,411,222
523946192,403,195,208,164
523946193,94,45,49,39
523946194,78,35,43,32
523946273,19,8,11,8
523946274,17,10,7,7
523946281,23,11,12,11
523946282,599,272,327,259
523946283,355,173,182,149
523946284,833,392,441,353
523946291,130,59,71,60
523946292,241,116,125,79
523946293,600,283,317,243
523946294,165,80,85,63
523946363,2,1,1,1
523946364,82,37,45,34
523946371,695,326,369,294
523946372,837,364,473,317
523946373,366,167,199,141
523946374,397,201,196,148
523946381,815,389,426,327
523946382,37,20,17,17
523946383,254,116,138,98
523946384,15,8,7,5
523946391,290,137,153,102
523946392,191,96,95,70
523946393,60,31,29,23
523946394,28,13,15,12
523946452,62,29,33,31
523946461,418,191,227,150
523946462,263,133,130,76
523946463,312,155,157,138
523946464,259,129,130,95
523946471,12,6,6,6
523946472,92,49,43,35
523946473,145,73,72,40
523946474,82,40,42,32
523946481,111,49,62,44
523946482,36,16,20,12
523946483,45,19,26,17
523946484,52,18,34,24
523946491,37,17,20,12
523946492,2,1,1,1
523946493,58,25,33,22
523946494,23,10,13,9
523946561,18,10,8,9
523946562,816,384,432,312
523946564,256,121,135,104
523946571,154,75,79,56
523946572,57,28,29,22
523946573,33,16,17,15
523946581,49,25,24,20
523946582,34,17,17,10
523946583,64,35,29,26
523946584,49,24,25,19
523946591,9,5,4,4
523946661,88,41,47,34
523946662,289,139,150,95
523946663,152,75,77,58
523946664,5,3,2,2
523946674,20,9,11,7
523946681,91,29,62,14
523946682,45,23,22,13
523946684,35,20,15,12
523946692,2,1,1,1
523946693,15,6,9,7
523946694,9,4,5,4
523946754,50,28,22,20
523946761,338,159,179,118
523946762,4,2,2,2
523946763,172,74,98,50
523946772,30,16,14,7
523946781,27,15,12,11
523946782,28,12,16,11
523946784,22,10,12,7
523946791,26,13,13,8
523946793,45,24,21,15
523946794,1,0,1,1
523946852,78,38,40,32
523946861,10,4,6,2
523946891,23,13,10,7
523946892,20,8,12,9
523946962,104,52,52,43
523946971,80,47,33,37
523946973,46,22,24,19
523946974,23,11,12,8
523947001,458,222,236,163
523947002,45,12,33,26
523947003,383,187,196,142
523947004,94,46,48,33
523947011,199,104,95,80
523947012,149,69,80,56
523947013,201,105,96,85
523947014,208,97,111,84
523947021,75,39,36,29
523947022,5,3,2,2
523947023,178,83,95,64
523947024,15,7,8,5
523947031,162,73,89,62
523947032,170,79,91,68
523947033,98,47,51,30
523947034,45,25,20,18
523947041,18,10,8,9
523947042,37,17,20,12
523947043,54,26,28,18
523947044,58,32,26,22
523947062,65,33,32,21
523947064,32,13,19,12
523947071,99,43,56,35
523947072,141,73,68,52
523947073,72,30,42,25
523947074,164,80,84,63
523947083,2,1,1,1
523947101,353,162,191,136
523947102,268,139,129,117
523947103,11,9,2,3
523947104,78,37,41,32
523947111,148,71,77,53
523947112,70,37,33,22
523947113,194,97,97,73
523947114,27,13,14,7
523947121,52,27,25,26
523947122,34,16,18,13
523947123,59,29,30,21
523947124,49,29,20,21
523947131,80,34,46,22
523947132,47,25,22,13
523947133,7,1,6,3
523947134,57,28,29,17
523947141,59,31,28,21
523947142,40,20,20,14
523947143,35,18,17,11
523947144,15,5,10,4
523947151,23,11,12,8
523947152,56,26,30,20
523947153,58,29,29,17
523947154,84,40,44,25
523947161,54,25,29,19
523947162,27,13,14,10
523947163,48,23,25,22
523947164,113,57,56,38
523947171,42,21,21,15
523947172,48,22,26,16
523947173,172,76,96,67
523947174,21,9,12,8
523947181,21,10,11,8
523947183,25,11,14,13
523947201,205,96,109,79
523947202,175,92,83,57
523947203,157,72,85,68
523947204,150,73,77,54
523947211,185,88,97,63
523947212,80,36,44,26
523947213,152,64,88,58
523947214,303,150,153,27
523947221,15,9,6,5
523947222,38,21,17,17
523947223,60,34,26,22
523947224,19,7,12,7
523947231,55,30,25,15
523947232,8,4,4,4
523947233,85,41,44,27
523947234,35,16,19,13
523947241,45,21,24,14
523947243,8,3,5,3
523947251,66,31,35,23
523947252,146,66,80,52
523947253,7,2,5,3
523947254,31,15,16,9
523947261,83,39,44,26
523947262,124,57,67,52
523947263,15,8,7,6
523947264,163,72,91,63
523947271,174,76,98,64
523947272,19,8,11,8
523947273,30,12,18,13
523947274,11,5,6,4
523947281,214,105,109,86
523947282,69,32,37,25
523947283,117,47,70,51
523947284,233,100,133,87
523947293,163,68,95,56
523947301,124,62,62,44
523947302,26,9,17,8
523947303,93,48,45,38
523947304,42,21,21,15
523947311,33,15,18,14
523947312,75,37,38,24
523947313,96,33,63,14
523947314,200,90,110,67
523947321,66,32,34,21
523947322,71,37,34,24
523947323,114,21,93,9
523947324,33,14,19,9
523947331,81,36,45,30
523947332,45,20,25,21
523947334,43,20,23,15
523947341,75,36,39,26
523947343,14,8,6,6
523947344,5,3,2,1
523947351,64,31,33,24
523947352,119,58,61,43
523947353,48,24,24,19
523947354,55,26,29,16
523947361,26,15,11,10
523947362,36,19,17,14
523947363,60,30,30,19
523947364,34,14,20,15
523947371,86,47,39,28
523947372,28,14,14,10
523947373,4,1,3,4
523947374,67,30,37,25
523947381,54,24,30,18
523947383,38,20,18,13
523947384,67,32,35,21
523947391,199,83,116,61
523947392,108,45,63,45
523947393,37,19,18,9
523947394,98,43,55,30
523947402,27,13,14,9
523947403,9,5,4,3
523947404,9,3,6,4
523947411,163,78,85,50
523947412,30,15,15,11
523947413,57,25,32,19
523947414,41,23,18,14
523947421,49,26,23,17
523947422,17,9,8,5
523947423,134,65,69,37
523947424,36,18,18,18
523947432,32,16,16,12
523947433,40,20,20,15
523947434,39,15,24,13
523947441,25,12,13,10
523947443,25,10,15,7
523947444,31,14,17,7
523947452,67,34,33,24
523947453,1,1,0,1
523947454,49,24,25,14
523947461,48,27,21,15
523947462,51,25,26,18
523947463,82,40,42,26
523947464,40,23,17,18
523947471,88,41,47,30
523947472,41,17,24,12
523947473,23,10,13,8
523947474,38,19,19,16
523947482,6,3,3,3
523947484,60,29,31,19
523947491,3,2,1,1
523947492,3,1,2,1
523947493,98,45,53,31
523947494,58,30,28,23
523947511,16,7,9,5
523947512,167,78,89,49
523947513,9,3,6,3
523947514,62,30,32,16
523947521,33,14,19,11
523947522,5,3,2,3
523947523,5,3,2,2
523947531,22,11,11,10
523947532,30,14,16,12
523947541,57,25,32,22
523947542,58,32,26,20
523947543,2,1,1,2
523947544,12,5,7,2
523947551,12,7,5,4
523947552,42,21,21,12
523947553,9,5,4,3
523947554,14,8,6,6
523947561,51,29,22,17
523947562,35,15,20,15
523947563,38,18,20,16
523947564,69,32,37,25
523947571,45,21,24,19
523947572,10,7,3,4
523947573,29,12,17,10
523947582,3,2,1,2
523947591,131,69,62,49
523947592,91,46,45,25
523947593,52,25,27,15
523947594,44,23,21,11
523947611,13,6,7,5
523947612,63,29,34,24
523947613,35,15,20,12
523947614,80,36,44,26
523947621,1,1,0,1
523947623,6,3,3,1
523947641,2,1,1,1
523947651,13,5,8,5
523947652,44,19,25,13
523947653,16,7,9,6
523947654,47,24,23,19
523947661,51,25,26,23
523947662,27,13,14,8
523947663,93,44,49,25
523947664,129,40,89,19
523947671,23,13,10,6
523947672,4,0,4,1
523947674,25,9,16,8
523947682,21,10,11,8
523947684,86,58,28,13
523947691,105,51,54,36
523947692,18,9,9,7
523947693,27,14,13,11
523947694,25,12,13,7
523947711,28,13,15,14
523947712,49,24,25,17
523947714,37,17,20,11
523947721,48,22,26,14
523947722,12,2,10,5
523947723,26,12,14,9
523947724,34,16,18,15
523947732,12,6,6,4
523947733,23,12,11,8
523947734,22,9,13,10
523947742,6,3,3,1
523947743,7,5,2,3
523947751,16,7,9,7
523947752,16,2,14,11
523947754,2,0,2,2
523947761,44,26,18,14
523947762,59,25,34,16
523947763,11,5,6,4
523947764,58,32,26,27
523947771,3,2,1,2
523947772,1,0,1,1
523947773,43,25,18,12
523947774,9,5,4,4
523947782,21,10,11,6
523947791,16,8,8,5
523947792,33,16,17,13
523947794,12,6,6,5
523947812,51,27,24,15
523947814,4,2,2,1
523947821,15,8,7,5
523947822,5,2,3,1
523947823,16,9,7,3
523947831,12,5,7,6
523947832,3,2,1,1
523947833,12,6,6,5
523947841,36,16,20,13
523947842,12,6,6,6
523947851,2,1,1,2
523947852,14,6,8,4
523947861,16,9,7,5
523947862,30,14,16,12
523947863,10,7,3,4
523947864,14,6,8,5
523947871,11,7,4,4
523947884,1,1,0,1
523947892,10,5,5,2
523947893,7,3,4,2
523947894,20,11,9,6
523947912,46,20,26,19
523947921,24,13,11,10
523947923,58,31,27,22
523947952,1,0,1,1
523947961,8,2,6,3
523947962,5,2,3,3
523947971,9,3,6,4
523947972,13,6,7,3
523947974,7,3,4,3
523947992,19,9,10,7
523947993,28,14,14,9
523947994,26,15,11,10
523950001,100,43,57,55
523950002,181,90,91,97
523950003,14,5,9,9
523950004,220,103,117,97
523950011,217,97,120,115
523950012,8,4,4,5
523950013,252,117,135,83
523950032,706,316,390,306
523950034,265,126,139,113
523950041,537,243,294,198
523950042,700,321,379,348
523950043,70,36,34,30
523950044,44,15,29,25
523950051,1011,464,547,491
523950052,246,123,123,133
523950053,1294,563,731,736
523950054,1654,766,888,923
523950061,75,33,42,74
523950063,46,29,17,33
523950101,13,7,6,3
523950102,16,7,9,4
523950104,49,25,24,14
523950111,99,33,66,12
523950112,5,2,3,2
523950113,70,37,33,17
523950114,87,48,39,24
523950142,46,24,22,21
523950143,13,7,6,5
523950144,380,158,222,233
523950151,863,359,504,490
523950152,2783,1218,1565,1563
523950153,1266,589,677,662
523950154,1710,735,975,922
523950161,75,36,39,42
523950163,194,81,113,111
523950201,136,67,69,41
523950202,66,30,36,22
523950204,35,16,19,9
523950211,3,2,1,2
523950212,56,27,29,13
523950213,122,68,54,36
523950214,18,8,10,5
523950231,2,1,1,1
523950232,63,17,46,55
523950233,59,28,31,26
523950234,431,195,236,162
523950241,331,135,196,196
523950242,449,159,290,295
523950243,129,62,67,64
523950244,409,177,232,177
523950251,345,162,183,171
523950252,488,195,293,271
523950253,804,347,457,418
523950254,278,126,152,162
523950261,934,456,478,536
523950262,48,20,28,31
523950263,613,287,326,337
523950264,693,304,389,431
523950301,13,13,0,13
523950303,58,29,29,4
523950304,3,2,1,1
523950313,5,2,3,2
523950331,427,175,252,274
523950332,67,30,37,31
523950341,2,1,1,2
523950342,19,9,10,8
523950343,46,3,43,1
523950344,7,4,3,3
523950351,771,323,448,361
523950353,55,23,32,20
523950354,2,1,1,2
523950361,56,28,28,35
523950362,527,227,300,322
523950363,480,234,246,193
523950364,902,362,540,349
523950373,283,103,180,215
523950401,13,7,6,7
523950402,11,7,4,3
523950403,10,3,7,2
523950404,2,1,1,1
523950411,129,68,61,41
523950413,38,16,22,13
523950414,2,1,1,1
523950442,15,9,6,7
523950451,2,1,1,1
523950454,15,4,11,9
523950461,38,15,23,15
523950462,84,40,44,35
523950463,593,251,342,311
523950464,594,219,375,287
523950471,121,48,73,64
523950472,79,37,42,37
523950474,25,12,13,11
523950511,121,56,65,32
523950513,1,1,0,1
523950544,40,15,25,32
523950561,21,9,12,11
523950562,26,15,11,15
523950563,90,44,46,48
523950564,39,15,24,17
523950571,3,1,2,2
523950572,20,8,12,8
523950574,5,4,1,1
523950584,109,43,66,64
523950601,7,4,3,3
523950642,6,4,2,1
523950644,14,5,9,6
523950651,40,19,21,16
523950652,33,13,20,16
523950653,75,27,48,29
523950654,75,40,35,46
523950661,371,163,208,168
523950662,12,4,8,6
523950663,103,45,58,43
523950664,452,209,243,208
523950672,11,6,5,9
523950673,411,171,240,200
523950674,755,310,445,342
523950681,1,1,0,1
523950683,423,189,234,184
523950684,11,5,6,7
523950741,13,7,6,3
523950742,33,18,15,11
523950744,2,1,1,1
523950751,97,39,58,37
523950752,260,119,141,125
523950753,202,91,111,79
523950754,341,147,194,171
523950761,844,372,472,429
523950762,727,315,412,327
523950763,228,105,123,114
523950764,4,2,2,2
523950771,575,277,298,238
523950772,1451,647,804,639
523950773,190,89,101,77
523950774,148,70,78,74
523950781,2432,1099,1333,1202
523950782,2113,1002,1111,921
523950783,870,418,452,388
523950784,1788,841,947,747
523950791,137,59,78,63
523950793,1235,585,650,543
523950794,112,47,65,46
523950844,17,10,7,11
523950851,74,35,39,21
523950852,233,114,119,127
523950853,30,9,21,30
523950861,64,28,36,31
523950872,179,88,91,67
523950874,4,2,2,3
523950881,83,38,45,28
523950882,1433,657,776,422
523950883,1,1,0,1
523950884,1017,481,536,345
523950891,984,460,524,414
523950892,848,391,457,320
523950893,736,283,453,221
523950894,818,407,411,321
523950903,11,5,6,5
523950913,3,2,1,3
523950942,132,65,67,83
523950944,21,12,9,12
523950972,19,12,7,5
523950974,128,55,73,55
523950981,796,375,421,299
523950982,852,381,471,271
523950983,173,86,87,58
523950984,18,9,9,7
523950991,594,292,302,226
523950992,343,176,167,131
523950993,178,66,112,31
523950994,187,86,101,70
523951703,43,21,22,18
523951712,4,3,1,2
523951713,184,87,97,83
523951714,256,121,135,98
523951721,8,3,5,2
523951723,12,6,6,5
523951801,1129,509,620,404
523951802,546,254,292,212
523951803,938,435,503,375
523951804,1421,656,765,585
523951811,737,351,386,304
523951812,130,66,64,54
523951813,1257,609,648,512
523951814,29,14,15,14
523951901,805,377,428,290
523951902,1005,476,529,388
523951903,58,30,28,25
523951904,129,57,72,47
523951911,747,345,402,296
523951913,257,120,137,102
523954682,32,15,17,13
523954691,415,213,202,161
523954692,94,40,54,35
523954693,279,114,165,118
523954694,1020,493,527,428
523954791,1547,734,813,633
523954792,1526,757,769,617
523954793,574,276,298,241
523954794,1895,926,969,778
523954882,34,14,20,13
523954884,47,26,21,18
523954891,542,224,318,163
523954892,1363,543,820,368
523954893,57,28,29,24
523954894,123,55,68,52
523954982,5,1,4,2
523954991,44,22,22,21
523954992,586,288,298,232
523954994,27,14,13,10
523955601,14,8,6,6
523955603,518,256,262,208
523955604,1,0,1,1
523955614,11,7,4,3
523955701,1390,675,715,556
523955702,708,375,333,235
523955703,1742,843,899,693
523955704,523,262,261,202
523955711,2,1,1,1
523955712,92,44,48,16
523955714,123,60,63,34
523955721,106,52,54,25
523955723,164,78,86,33
523955731,35,19,16,16
523955732,239,123,116,70
523955733,408,207,201,114
523955734,278,136,142,82
523955741,39,19,20,15
523955743,190,96,94,49
523955801,1176,557,619,476
523955802,258,118,140,91
523955803,552,254,298,220
523955804,1368,665,703,487
523955812,8,6,2,2
523955813,240,114,126,98
523955822,39,17,22,9
523955824,43,21,22,14
523955831,171,85,86,57
523955832,256,125,131,69
523955833,235,114,121,69
523955834,67,30,37,16
523955901,675,338,337,266
523955902,771,371,400,279
523955911,916,433,483,348
523955913,47,23,24,21
523955914,28,18,10,13
523955921,95,44,51,32
523955922,337,159,178,108
523955923,116,67,49,36
523955924,483,240,243,158
523955931,10,5,5,5
523956071,129,62,67,43
523956072,384,168,216,139
523956073,84,42,42,26
523956074,482,231,251,193
523956081,73,38,35,28
523956082,22,11,11,9
523956083,264,130,134,101
523956084,59,26,33,23
523956091,14,6,8,6
523956092,14,7,7,4
523956093,30,13,17,15
523956094,134,70,64,45
523956171,141,66,75,46
523956172,387,184,203,158
523956173,202,82,120,33
523956174,136,71,65,56
523956181,270,131,139,97
523956182,89,46,43,37
523956183,6,3,3,3
523956184,58,28,30,21
523956191,100,48,52,38
523956192,18,8,10,5
523956193,7,4,3,3
523956261,237,117,120,91
523956262,39,16,23,19
523956263,60,27,33,24
523956264,258,125,133,101
523956271,37,16,21,13
523956272,90,42,48,30
523956273,37,21,16,20
523956274,65,25,40,22
523956281,12,5,7,5
523956282,45,18,27,17
523956283,13,7,6,5
523956284,10,5,5,6
523956291,56,28,28,19
523956293,45,21,24,18
523956294,99,51,48,32
523956354,10,2,8,3
523956361,782,392,390,315
523956362,448,215,233,177
523956363,565,265,300,232
523956364,386,175,211,155
523956371,476,233,243,157
523956372,127,60,67,49
523956373,120,58,62,47
523956374,128,60,68,44
523956382,26,15,11,8
523956394,6,4,2,2
523956461,283,137,146,95
523956462,361,176,185,132
523956464,138,74,64,49
523956472,7,4,3,4
523956473,72,36,36,22
523956474,14,6,8,5
523956481,16,8,8,5
523956482,80,36,44,33
523956483,8,4,4,4
523956484,37,21,16,15
523956491,61,29,32,22
523956492,102,49,53,37
523956493,58,29,29,21
523956494,44,24,20,14
523956562,29,16,13,8
523956564,1,1,0,1
523956571,82,37,45,29
523956573,164,88,76,64
523956574,14,5,9,6
523956583,10,6,4,2
523956584,16,9,7,6
523956591,5,1,4,3
523956592,5,3,2,2
523956593,24,14,10,12
523956662,57,24,33,21
523956664,248,120,128,107
523956671,384,193,191,161
523956672,2,2,0,2
523956673,596,269,327,253
523956674,150,70,80,64
523956681,14,8,6,5
523956683,7,3,4,3
523956694,1,0,1,1
523956762,278,132,146,121
523956763,13,5,8,5
523956764,142,74,68,61
523956771,240,106,134,93
523956772,154,48,106,30
523956773,19,9,10,8
523956774,24,11,13,5
523956781,114,54,60,45
523956782,54,25,29,15
523956783,2,1,1,1
523956784,9,4,5,6
523956791,38,18,20,10
523956792,16,10,6,5
523956794,4,1,3,2
523956861,10,5,5,4
523956862,14,6,8,6
523956892,4,2,2,2
523956952,106,52,54,41
523956954,475,239,236,178
523956963,79,38,41,33
523956964,3,2,1,2
523957001,9,4,5,4
523957003,17,9,8,10
523957011,5,3,2,2
523957012,17,9,8,7
523957013,29,12,17,9
523957014,26,14,12,11
523957021,29,15,14,15
523957022,20,7,13,6
523957023,89,45,44,28
523957024,25,11,14,11
523957033,27,13,14,11
523957073,7,4,3,4
523957074,34,17,17,16
523957083,12,6,6,4
523957084,5,2,3,3
523957093,20,11,9,11
523957094,13,8,5,7
523957111,8,3,5,5
523957112,28,13,15,11
523957113,18,10,8,7
523957114,63,33,30,20
523957121,16,9,7,8
523957122,66,27,39,23
523957123,40,21,19,16
523957131,24,15,9,11
523957132,8,3,5,2
523957133,125,46,79,31
523957134,53,24,29,19
523957143,71,33,38,20
523957144,29,14,15,9
523957151,6,3,3,3
523957153,47,23,24,16
523957154,46,23,23,12
523957161,4,2,2,2
523957163,23,11,12,9
523957164,31,12,19,11
523957172,39,19,20,15
523957173,3,1,2,2
523957174,18,9,9,9
523957181,19,9,10,8
523957182,5,2,3,2
523957183,20,10,10,8
523957184,36,19,17,10
523957191,13,5,8,4
523957192,9,4,5,3
523957193,32,19,13,17
523957194,4,2,2,2
523957201,4,1,3,1
523957202,16,7,9,3
523957203,19,10,9,9
523957211,56,26,30,18
523957212,53,24,29,16
523957213,29,14,15,10
523957214,41,22,19,15
523957221,22,10,12,8
523957222,10,5,5,5
523957223,26,12,14,10
523957224,9,4,5,3
523957231,29,15,14,11
523957232,36,18,18,13
523957234,15,8,7,6
523957241,11,6,5,5
523957242,20,9,11,8
523957243,24,13,11,9
523957244,4,3,1,1
523957251,22,13,9,7
523957252,26,11,15,9
523957261,6,2,4,2
523957262,15,7,8,5
523957271,1,0,1,1
523957281,1,0,1,1
523957282,5,2,3,2
523957291,12,7,5,3
523957292,21,11,10,7
523957293,2,2,0,2
523957294,7,3,4,3
523957303,21,9,12,10
523957304,35,16,19,14
523957313,5,2,3,3
523957342,5,2,3,2
523957343,2,1,1,2
523957344,9,5,4,3
523957351,7,4,3,2
523957353,41,20,21,10
523957384,68,67,1,1
523957393,3,3,0,1
523957401,87,38,49,33
523957402,68,31,37,29
523957403,20,10,10,8
523957411,109,57,52,39
523957413,3,2,1,2
523957421,6,2,4,2
523957423,29,13,16,15
523957424,27,11,16,13
523957433,9,6,3,4
523957442,9,6,3,4
523957443,5,3,2,3
523957451,48,25,23,17
523957452,22,11,11,11
523957453,10,5,5,4
523957454,9,5,4,5
523957461,9,6,3,2
523957463,13,8,5,4
523957472,15,7,8,6
523957473,1,0,1,1
523957474,17,6,11,6
523957481,4,2,2,3
523957483,14,6,8,4
523957484,9,6,3,4
523957494,5,3,2,2
523957501,1,1,0,1
523957521,6,3,3,4
523957522,10,4,6,3
523957523,8,6,2,5
523957524,3,1,2,2
523957531,16,8,8,7
523957534,1,1,0,1
523957542,8,4,4,2
523957543,5,3,2,2
523957544,7,3,4,2
523957551,4,1,3,1
523957554,12,6,6,5
523957562,21,8,13,7
523957564,57,30,27,23
523957571,43,21,22,16
523957572,14,8,6,4
523957573,21,12,9,7
523957574,49,22,27,16
523957581,5,4,1,2
523957582,10,6,4,3
523957584,11,4,7,6
523957592,4,2,2,3
523957593,23,10,13,7
523957594,34,17,17,12
523957602,4,2,2,1
523957603,18,8,10,8
523957604,13,7,6,6
523957611,7,3,4,2
523957612,2,1,1,1
523957613,8,4,4,3
523957621,39,19,20,14
523957622,9,3,6,5
523957623,7,4,3,4
523957624,19,8,11,8
523957631,2,1,1,1
523957632,23,11,12,9
523957633,12,7,5,5
523957641,10,6,4,4
523957642,17,6,11,7
523957651,14,4,10,3
523957652,36,20,16,9
523957654,7,4,3,3
523957661,51,26,25,20
523957662,29,14,15,11
523957663,38,20,18,18
523957664,33,18,15,9
523957671,21,11,10,10
523957672,8,4,4,2
523957673,46,23,23,15
523957674,34,18,16,16
523957681,32,15,17,12
523957682,42,20,22,16
523957683,61,32,29,19
523957684,103,56,47,38
523957691,212,86,126,17
523957692,63,37,26,21
523957693,97,43,54,38
523957694,56,25,31,25
523957701,68,33,35,28
523957702,56,28,28,18
523957703,27,11,16,10
523957704,2,0,2,2
523957711,46,23,23,15
523957712,3,0,3,2
523957714,10,5,5,5
523957721,3,1,2,1
523957723,23,9,14,11
523957731,13,6,7,7
523957732,29,12,17,9
523957733,8,5,3,5
523957741,6,5,1,3
523957742,15,9,6,7
523957751,5,3,2,1
523957752,18,8,10,11
523957761,30,12,18,9
523957762,88,40,48,37
523957764,24,12,12,9
523957771,144,60,84,54
523957772,73,30,43,26
523957773,5,3,2,2
523957774,2,1,1,1
523957781,36,14,22,11
523957782,28,15,13,10
523957784,14,7,7,4
523957791,20,9,11,9
523957792,30,17,13,11
523957793,3,1,2,1
523957794,11,5,6,5
523957811,8,4,4,2
523957812,3,1,2,2
523957823,5,2,3,4
523957824,5,2,3,2
523957831,13,7,6,6
523957833,6,4,2,3
523957851,13,8,5,4
523957852,11,5,6,3
523957861,1,0,1,1
523957864,9,5,4,4
523957871,3,2,1,1
523957902,1,1,0,1
523957911,5,4,1,3
523957931,13,7,6,5
523957933,5,2,3,4
523957941,2,1,1,1
523957943,10,4,6,3
523957952,4,2,2,2
523957962,6,3,3,3
523957964,9,4,5,4
523957971,4,3,1,1
523960004,1,1,0,1
523960011,1,0,1,1
523960091,9,4,5,6
523960102,7,2,5,2
523960103,4,2,2,2
523960111,1,1,0,1
523960113,3,1,2,1
523960201,6,3,3,3
523960212,28,13,15,12
523960214,170,86,84,70
523960221,27,13,14,18
523960223,201,95,106,100
523960321,1,1,0,1
523960324,4,3,1,2
523960412,58,29,29,55
523960413,3,1,2,2
523960421,59,25,34,25
523960422,127,56,71,63
523960423,90,46,44,51
523960424,105,53,52,66
523960433,10,6,4,5
523960492,12,7,5,7
523960502,1,1,0,1
523960504,112,79,33,109
523960513,24,0,24,24
523960521,11,7,4,6
523960522,88,36,52,54
523960542,37,16,21,15
523960544,4,1,3,2
523960551,6,4,2,4
523960553,55,30,25,20
523960631,26,10,16,9
523960633,39,22,17,27
523960634,24,14,10,12
523960652,5,4,1,1
523960654,3,0,3,3
523960663,82,35,47,49
523960664,33,15,18,27
523960673,23,22,1,23
523960732,71,37,34,42
523960734,52,23,29,28
523960741,10,1,9,9
523960743,69,29,40,19
523960771,110,35,75,101
523960772,296,142,154,188
523960774,158,73,85,107
523960781,130,65,65,67
523960783,564,243,321,306
523960784,845,400,445,455
523960792,8,2,6,7
523960793,82,38,44,43
523960803,47,26,21,33
523960832,19,11,8,10
523960833,22,9,13,12
523960834,52,18,34,29
523960841,5,2,3,2
523960843,199,120,79,121
523960852,122,61,61,59
523960854,198,91,107,84
523960861,149,70,79,62
523960863,3,2,1,2
523960871,12,5,7,11
523960872,8,5,3,7
523960881,19,8,11,8
523960882,137,63,74,66
523960891,484,241,243,212
523960892,40,14,26,22
523960893,140,68,72,51
523960894,495,235,260,214
523960901,27,10,17,18
523960903,23,9,14,16
523960904,6,2,4,5
523960923,13,7,6,7
523960924,93,52,41,56
523960931,28,12,16,17
523960932,323,181,142,192
523960933,128,77,51,101
523960934,174,80,94,103
523960941,240,102,138,164
523960942,438,174,264,298
523960943,183,64,119,53
523960944,28,18,10,16
523960951,17,12,5,17
523960991,304,74,230,31
523960992,370,176,194,173
523960994,43,21,22,18
523961002,425,192,233,147
523961003,62,31,31,22
523961004,226,113,113,82
523961011,176,87,89,76
523961013,3,2,1,1
523961101,8,4,4,2
523961104,5,3,2,1
523961201,4,2,2,1
523961202,60,29,31,19
523961204,200,100,100,58
523961213,56,26,30,19
523961301,4,2,2,1
523961302,90,45,45,30
523961303,19,10,9,6
523961304,80,38,42,21
523961311,2,1,1,1
523961401,76,37,39,31
523961402,298,143,155,108
523961404,4,1,3,3
523961411,110,54,56,40
523961413,16,7,9,9
523961504,18,8,10,6
523961511,43,20,23,14
523961513,299,137,162,97
523961604,4,2,2,2
523961611,28,13,15,12
523961613,47,24,23,19
523961701,3,2,1,3
523961702,7,3,4,4
523961711,178,83,95,59
523961713,36,18,18,10
523961801,3,1,2,3
523961811,162,76,86,59
523961812,406,199,207,134
523961813,109,51,58,40
523961814,990,438,552,355
523961823,13,8,5,5
523961901,356,167,189,169
523961902,786,387,399,327
523961903,551,269,282,180
523961904,316,149,167,99
523961911,1404,703,701,653
523961912,1435,697,738,654
523961913,1189,556,633,437
523961914,1347,612,735,522
523961921,1352,633,719,544
523961922,302,145,157,121
523961923,1201,568,633,486
523961924,1695,791,904,732
523961933,246,122,124,106
523964092,109,53,56,21
523964093,21,9,12,4
523964094,343,172,171,89
523964192,224,110,114,59
523964193,4,3,1,1
523964194,65,33,32,20
523964292,947,444,503,334
523964293,83,45,38,25
523964294,211,96,115,71
523964381,45,16,29,16
523964382,120,38,82,6
523964383,242,128,114,77
523964384,451,217,234,160
523964391,87,48,39,30
523964392,341,168,173,120
523964393,96,50,46,29
523964394,193,104,89,54
523964481,257,116,141,91
523964482,647,304,343,242
523964484,841,411,430,320
523964491,327,170,157,126
523964492,345,173,172,122
523964493,1630,801,829,601
523964494,1555,771,784,609
523964582,383,173,210,146
523964591,429,215,214,152
523964683,107,49,58,37
523964684,513,254,259,208
523964692,46,40,6,1
523964693,588,298,290,219
523964694,8,4,4,3
523964781,324,109,215,49
523964782,240,122,118,89
523964783,319,166,153,118
523964784,304,151,153,122
523964791,194,95,99,70
523964792,1068,513,555,456
523964793,570,260,310,177
523964794,437,215,222,161
523964872,7,4,3,3
523964874,85,43,42,39
523964881,1255,617,638,483
523964882,1194,577,617,479
523964883,519,229,290,236
523964884,140,74,66,60
523964891,566,266,300,223
523964892,110,59,51,32
523964893,7,3,4,3
523964971,54,24,30,19
523964972,188,94,94,68
523964973,341,169,172,127
523964974,290,138,152,115
523964983,32,15,17,11
523964984,39,18,21,14
523965002,50,24,26,23
523965004,330,161,169,120
523965011,801,387,414,287
523965012,36,16,20,13
523965013,200,96,104,69
523965014,113,54,59,38
523965021,93,44,49,25
523965022,200,97,103,71
523965023,162,87,75,56
523965024,20,12,8,11
523965101,7,3,4,3
523965102,880,407,473,346
523965103,236,117,119,78
523965104,646,312,334,209
523965111,795,373,422,280
523965112,185,86,99,61
523965113,1151,594,557,396
523965114,478,237,241,172
523965121,567,287,280,204
523965123,1341,678,663,544
523965201,828,388,440,288
523965202,120,47,73,47
523965203,290,149,141,112
523965204,164,48,116,19
523965211,115,61,54,35
523965212,1499,689,810,651
523965213,47,25,22,15
523965214,455,226,229,200
523965221,1477,730,747,661
523965222,21,12,9,13
523965223,2501,1233,1268,1078
523965224,987,484,503,363
523965301,851,418,433,312
523965302,32,18,14,9
523965303,608,304,304,225
523965304,63,31,32,17
523965311,103,49,54,28
523965312,98,58,40,34
523965313,81,38,43,22
523965314,69,39,30,23
523965321,459,222,237,199
523965322,1306,644,662,472
523965324,158,76,82,57
523965331,629,325,304,248
523965333,1946,969,977,850
523965334,1242,571,671,567
523965401,298,149,149,117
523965403,960,468,492,345
523965404,30,16,14,10
523965411,121,55,66,32
523965412,494,223,271,27
523965413,12,8,4,4
523965414,225,114,111,68
523965421,70,35,35,23
523965422,105,50,55,35
523965423,41,19,22,18
523965424,70,36,34,25
523965431,973,487,486,366
523965432,2745,1392,1353,1016
523965433,407,212,195,141
523965434,2418,1147,1271,953
523965441,737,352,385,275
523965443,2271,1105,1166,892
523965444,925,457,468,366
523965453,1,1,0,1
523965501,508,445,63,47
523965502,411,316,95,63
523965503,237,237,0,1
523965504,958,510,448,377
523965511,73,35,38,31
523965512,205,110,95,75
523965513,621,310,311,235
523965514,157,76,81,49
523965521,118,57,61,37
523965522,175,89,86,52
523965523,20,12,8,9
523965524,6,3,3,1
523965531,127,62,65,38
523965532,98,52,46,39
523965534,40,22,18,18
523965541,1472,728,744,509
523965542,2570,1286,1284,1072
523965543,906,442,464,340
523965544,2056,1022,1034,885
523965551,1809,920,889,697
523965552,683,327,356,235
523965553,2835,1408,1427,1060
523965554,718,349,369,241
523965561,146,97,49,48
523965562,474,129,345,17
523965563,5,2,3,3
523965564,147,71,76,57
523965601,60,52,8,6
523965602,1173,603,570,461
523965603,953,465,488,359
523965604,1937,916,1021,709
523965611,1631,827,804,647
523965612,875,455,420,292
523965613,2662,1303,1359,1011
523965614,1760,811,949,598
523965623,50,26,24,22
523965624,5,3,2,2
523965631,4,1,3,1
523965632,119,63,56,44
523965633,60,27,33,22
523965634,49,25,24,16
523965641,107,52,55,36
523965642,2176,1080,1096,821
523965643,143,113,30,139
523965644,1444,711,733,571
523965651,2374,1191,1183,845
523965652,41,17,24,20
523965653,2607,1263,1344,1025
523965654,1237,584,653,458
523965662,521,261,260,185
523965664,1519,745,774,630
523965671,898,469,429,373
523965673,288,142,146,116
523965674,21,13,8,11
523965701,1107,546,561,402
523965702,996,519,477,347
523965703,360,185,175,129
523965704,189,86,103,70
523965711,476,228,248,181
523965712,2168,1045,1123,817
523965713,46,22,24,16
523965714,232,106,126,69
523965721,1362,660,702,533
523965722,593,280,313,227
523965723,1489,690,799,481
523965724,439,226,213,134
523965732,465,232,233,152
523965733,1949,966,983,700
523965734,2800,1349,1451,1047
523965741,1943,979,964,750
523965742,2042,960,1082,766
523965743,2206,1103,1103,833
523965744,65,32,33,28
523965751,2140,1058,1082,838
523965752,3347,1568,1779,1340
523965753,676,357,319,262
523965754,3067,1480,1587,1170
523965761,1222,615,607,598
523965762,3348,1909,1439,1382
523965763,2740,1316,1424,1162
523965764,1470,836,634,481
523965771,1812,903,909,693
523965772,232,172,60,81
523965773,479,267,212,153
523965774,656,293,363,146
523965781,146,146,0,6
523965783,16,10,6,5
523965801,26,12,14,10
523965802,46,23,23,18
523965811,20,11,9,9
523965812,9,4,5,4
523965821,730,344,386,238
523965822,526,267,259,177
523965823,79,36,43,26
523965824,564,284,280,193
523965831,459,227,232,178
523965832,2650,1315,1335,997
523965833,816,400,416,315
523965834,2451,1246,1205,924
523965841,1167,576,591,440
523965842,25,12,13,10
523965843,1497,776,721,611
523965844,1430,757,673,598
523965851,1274,643,631,453
523965852,203,105,98,77
523965853,1808,881,927,683
523965854,881,450,431,361
523965861,2816,1400,1416,1175
523965862,2072,1071,1001,832
523965863,1872,935,937,674
523965864,2016,999,1017,780
523965871,1972,995,977,755
523965872,1035,481,554,393
523965873,1643,805,838,621
523965874,527,255,272,209
523965883,870,381,489,459
523965884,410,185,225,213
523965921,25,14,11,5
523965922,666,338,328,294
523965924,290,138,152,99
523965931,736,374,362,290
523965932,1289,527,762,483
523965933,806,389,417,332
523965934,2455,1213,1242,919
523965941,1433,717,716,567
523965942,163,77,86,64
523965943,2723,1303,1420,1187
523965944,1112,546,566,555
523965951,1001,502,499,393
523965952,873,426,447,300
523965953,2044,1014,1030,773
523965954,3969,1978,1991,1291
523965961,412,200,212,134
523965962,1914,948,966,710
523965963,2497,1233,1264,742
523965964,2436,1197,1239,872
523965971,1515,748,767,576
523965972,1080,540,540,415
523965973,799,387,412,320
523965974,3017,1472,1545,1222
523965981,2850,1398,1452,1205
523965982,1431,690,741,663
523965983,2346,1098,1248,922
523965984,793,387,406,314
523965993,21,10,11,10
523966051,6,4,2,3
523966052,319,158,161,121
523966053,19,9,10,12
523966054,55,31,24,19
523966061,219,98,121,78
523966062,3,1,2,1
523966064,19,9,10,7
523966151,17,7,10,6
523966152,137,50,87,18
523966153,3,1,2,2
523966154,12,4,8,3
523966161,37,24,13,10
523966163,2,1,1,1
523966174,6,3,3,2
523966191,26,15,11,9
523966193,30,11,19,9
523966252,10,5,5,6
523966254,24,12,12,9
523966263,37,15,22,10
523966264,9,4,5,2
523966272,12,6,6,4
523966281,2,1,1,1
523966284,1,0,1,1
523966291,28,12,16,11
523966293,56,27,29,16
523966352,71,37,34,24
523966354,30,15,15,13
523966361,11,5,6,7
523966363,224,110,114,80
523966364,3,1,2,2
523966381,29,17,12,9
523966382,9,5,4,3
523966383,51,28,23,14
523966384,43,21,22,14
523966391,26,13,13,7
523966394,1,1,0,1
523966461,66,32,34,17
523966462,134,68,66,48
523966464,11,6,5,4
523966471,18,10,8,8
523966472,27,13,14,7
523966473,131,59,72,45
523966474,387,190,197,130
523966481,36,18,18,16
523966482,24,10,14,9
523966483,184,87,97,39
523966571,3,2,1,1
523966572,229,120,109,85
523966574,20,10,10,10
523966581,103,53,50,43
523966582,9,3,6,7
523966583,45,21,24,16
523966584,11,6,5,8
523966591,42,21,21,14
523966592,101,48,53,34
523966593,120,60,60,44
523966594,564,284,280,216
523966691,131,65,66,51
523966692,735,351,384,291
523966694,281,136,145,114
523966792,81,39,42,35
523966794,23,14,9,9
523966892,14,8,6,4
523966894,50,23,27,17
523966992,53,25,28,19
523966993,47,28,19,16
523966994,101,54,47,35
523967032,39,21,18,14
523967034,21,10,11,9
523967061,18,9,9,6
523967062,4,1,3,2
523967063,32,18,14,11
523967064,50,37,13,5
523967073,16,8,8,5
523967074,45,22,23,13
523967112,1,0,1,1
523967113,32,17,15,13
523967114,11,5,6,4
523967121,3,2,1,1
523967123,11,4,7,3
523967124,7,4,3,3
523967131,5,2,3,1
523967132,26,11,15,7
523967133,2,1,1,1
523967134,6,3,3,3
523967142,8,3,5,2
523967143,32,15,17,6
523967144,8,5,3,2
523967162,13,6,7,6
523967163,20,10,10,5
523967164,56,26,30,19
523967204,15,7,8,2
523967211,35,18,17,12
523967213,7,5,2,3
523967222,26,16,10,12
523967232,6,3,3,3
523967241,23,11,12,8
523967242,41,20,21,9
523967243,10,5,5,3
523967244,6,3,3,2
523967254,6,3,3,1
523967261,60,28,32,17
523967262,35,21,14,10
523967263,138,46,92,33
523967264,12,6,6,3
523967272,4,2,2,1
523967273,9,7,2,2
523967274,3,1,2,2
523967301,7,2,5,2
523967302,17,10,7,4
523967303,79,36,43,26
523967304,49,22,27,14
523967311,7,3,4,3
523967323,25,10,15,6
523967324,5,3,2,2
523967341,10,6,4,3
523967342,6,3,3,2
523967343,20,11,9,6
523967344,43,22,21,14
523967351,2,1,1,1
523967352,20,9,11,10
523967354,33,16,17,11
523967361,34,16,18,12
523967363,49,27,22,14
523967401,56,27,29,19
523967403,22,13,9,8
523967404,50,27,23,1
523967421,13,7,6,3
523967423,6,4,2,3
523967432,7,3,4,2
523967433,31,17,14,10
523967434,29,13,16,6
523967441,15,9,6,7
523967442,10,1,9,2
523967443,26,12,14,8
523967452,73,32,41,23
523967453,45,21,24,17
523967454,31,19,12,13
523967473,6,3,3,2
523967501,34,16,18,12
523967502,54,24,30,21
523967503,274,136,138,99
523967504,109,51,58,36
523967511,54,30,24,17
523967512,101,50,51,33
523967513,69,38,31,25
523967514,109,59,50,43
523967521,56,28,28,17
523967522,8,4,4,3
523967523,16,6,10,7
523967524,43,19,24,14
523967531,53,22,31,14
523967532,100,48,52,27
523967533,84,45,39,24
523967534,85,37,48,28
523967541,56,31,25,17
523967542,53,24,29,17
523967543,133,63,70,39
523967544,26,13,13,8
523967551,4,2,2,2
523967552,85,41,44,20
523967553,24,11,13,8
523967554,29,14,15,10
523967562,15,9,6,6
523967563,22,8,14,8
523967564,18,12,6,8
523967571,1,1,0,1
523967573,19,9,10,7
523967574,27,14,13,8
523967601,329,166,163,124
523967602,192,90,102,64
523967603,181,93,88,56
523967604,56,28,28,21
523967611,206,105,101,71
523967612,269,127,142,101
523967613,87,43,44,27
523967614,83,40,43,27
523967621,136,64,72,42
523967622,58,26,32,23
523967623,53,23,30,19
523967624,54,27,27,20
523967631,146,75,71,53
523967632,23,12,11,6
523967633,20,11,9,7
523967634,54,28,26,20
523967641,90,46,44,24
523967642,86,40,46,29
523967643,52,30,22,17
523967644,41,19,22,13
523967651,44,24,20,13
523967652,32,18,14,11
523967653,6,3,3,3
523967661,29,17,12,9
523967671,5,2,3,2
523967672,2,1,1,1
523967691,12,4,8,3
523967701,102,46,56,41
523967702,46,26,20,17
523967703,20,10,10,8
523967711,55,28,27,17
523967712,39,21,18,12
523967713,30,12,18,11
523967714,33,16,17,9
523967721,4,2,2,1
523967722,55,23,32,15
523967723,65,33,32,21
523967724,70,37,33,24
523967731,29,15,14,11
523967742,10,3,7,3
523967744,2,0,2,2
523967752,8,3,5,4
523967761,6,2,4,2
523967762,14,8,6,5
523967772,6,4,2,2
523967781,14,8,6,3
523967783,3,1,2,1
523967791,16,8,8,5
523967792,48,21,27,17
523967794,33,17,16,11
523967801,29,16,13,8
523967803,18,9,9,7
523967822,6,3,3,2
523967851,5,3,2,3
523967861,8,4,4,2
523967862,29,15,14,8
523967863,15,7,8,4
523967864,21,13,8,6
523967871,11,5,6,3
523967872,19,10,9,9
523967873,1,0,1,1
523967874,1,1,0,1
523967891,16,9,7,4
523967892,41,21,20,13
523967893,28,13,15,10
523967894,60,29,31,16
523967901,28,14,14,10
523967903,8,3,5,3
523967913,17,8,9,4
523967952,5,3,2,2
523967954,5,2,3,2
523967991,27,13,14,10
523967992,72,37,35,25
523967993,29,13,16,10
523967994,125,58,67,37
523970003,21,10,11,13
523970021,14,7,7,6
523970022,23,11,12,13
523970023,4,2,2,2
523970024,1,0,1,1
523970031,193,79,114,130
523970032,327,132,195,156
523970033,208,83,125,106
523970034,588,288,300,252
523970041,467,287,180,261
523970042,5,3,2,4
523970043,504,219,285,214
523970044,7,4,3,4
523970092,23,11,12,7
523970101,48,26,22,29
523970102,6,4,2,4
523970103,88,38,50,42
523970104,255,126,129,120
523970111,11,6,5,7
523970112,11,6,5,6
523970113,118,58,60,84
523970114,291,194,97,21
523970121,1,0,1,1
523970123,17,9,8,9
523970124,1,1,0,1
523970132,27,13,14,23
523970134,42,25,17,24
523970141,22,11,11,16
523970143,23,11,12,9
523970164,7,5,2,2
523970201,293,145,148,130
523970202,300,140,160,147
523970203,382,192,190,180
523970204,986,480,506,471
523970211,237,102,135,97
523970212,3,1,2,2
523970213,99,45,54,53
523970214,9,1,8,7
523970221,5,3,2,3
523970232,4,1,3,2
523970262,5,3,2,2
523970264,13,8,5,3
523970271,18,11,7,6
523970284,53,27,26,16
523970293,179,91,88,55
523970294,84,35,49,26
523970301,75,37,38,33
523970302,150,67,83,77
523970304,21,10,11,7
523970311,14,6,8,8
523970391,142,75,67,39
523970392,196,90,106,59
523970394,3,1,2,2
523970472,16,9,7,7
523970481,20,12,8,5
523970482,55,27,28,16
523970483,68,34,34,22
523970484,174,77,97,51
523970491,60,44,16,1
523970492,79,46,33,9
523970493,63,32,31,21
523970494,15,7,8,6
523970574,11,5,6,5
523970581,108,49,59,42
523970582,277,130,147,104
523970583,94,44,50,37
523970584,210,113,97,78
523970591,15,9,6,4
523970592,322,156,166,106
523970593,249,124,125,83
523970594,903,445,458,307
523970681,33,17,16,11
523970683,59,26,33,18
523970684,93,42,51,35
523970691,277,147,130,94
523970692,1641,808,833,600
523970693,150,73,77,54
523970694,1200,574,626,456
523970723,36,17,19,10
523970761,22,8,14,9
523970762,25,12,13,7
523970764,20,8,12,9
523970772,50,25,25,15
523970773,63,35,28,20
523970774,667,344,323,254
523970781,520,375,145,359
523970782,245,123,122,83
523970783,1580,759,821,573
523970784,297,153,144,107
523970791,867,454,413,306
523970792,1522,779,743,572
523970793,1302,658,644,524
523970794,1634,820,814,602
523970811,6,3,3,1
523970822,34,17,17,10
523970832,3,2,1,1
523970834,2,1,1,1
523970843,10,4,6,2
523970871,14,8,6,3
523970872,810,401,409,307
523970873,431,217,214,134
523970874,1240,610,630,423
523970881,1293,633,660,481
523970882,1621,823,798,610
523970883,1458,697,761,483
523970884,772,422,350,395
523970891,1347,668,679,544
523970892,632,314,318,227
523970893,750,394,356,255
523970894,125,63,62,33
523970941,109,60,49,34
523970942,46,22,24,14
523970943,141,70,71,43
523970944,295,139,156,7
523970953,54,29,25,15
523970954,173,84,89,48
523970961,22,9,13,6
523970962,91,46,45,28
523970963,154,83,71,45
523970964,115,61,54,31
523970971,989,519,470,314
523970972,234,112,122,85
523970973,49,24,25,16
523970974,181,85,96,49
523970981,32,17,15,11
523970982,445,232,213,159
523970983,523,254,269,185
523970984,1501,734,767,524
523970991,719,358,361,248
523970992,585,288,297,176
523970993,977,472,505,344
523970994,1630,827,803,552
523971001,80,48,32,38
523971002,70,36,34,25
523971003,12,4,8,4
523971004,131,40,91,17
523971011,591,289,302,213
523971012,207,90,117,82
523971013,18,8,10,6
523971014,729,330,399,293
523971021,676,322,354,299
523971022,2608,1210,1398,1218
523971023,1275,580,695,507
523971024,2209,1084,1125,1009
523971031,2208,1036,1172,912
523971032,68,33,35,20
523971033,2359,1115,1244,1021
523971034,1708,833,875,676
523971043,214,102,112,82
523971103,24,14,10,10
523971104,9,4,5,4
523971111,286,139,147,111
523971112,910,439,471,381
523971113,26,14,12,9
523971114,1258,595,663,497
523971121,2101,1025,1076,922
523971122,2239,1187,1052,967
523971123,2118,1016,1102,961
523971124,1922,943,979,787
523971131,2092,1036,1056,833
523971132,2752,1341,1411,1097
523971133,1500,748,752,632
523971134,1471,732,739,625
523971141,1290,631,659,507
523971143,119,54,65,46
523971144,791,386,405,344
523971153,1141,553,588,452
523971154,2,1,1,1
523971201,142,69,73,48
523971202,697,348,349,243
523971203,157,90,67,69
523971204,892,445,447,304
523971211,1613,812,801,609
523971212,2155,1058,1097,939
523971213,740,352,388,249
523971214,1037,497,540,418
523971221,2035,995,1040,930
523971222,1692,819,873,722
523971223,1628,770,858,628
523971224,1311,659,652,555
523971231,152,62,90,82
523971232,234,111,123,76
523971233,80,40,40,34
523971234,892,473,419,362
523971241,930,434,496,361
523971242,2292,1097,1195,838
523971243,2636,1242,1394,1074
523971244,2393,1165,1228,972
523971251,2337,1180,1157,927
523971252,879,448,431,342
523971253,982,504,478,371
523971254,2183,1056,1127,849
523971263,304,147,157,125
523971301,138,67,71,40
523971302,82,48,34,36
523971303,3,1,2,1
523971311,27,15,12,10
523971312,471,237,234,184
523971313,374,175,199,131
523971314,1163,554,609,392
523971321,1112,533,579,447
523971322,275,134,141,120
523971323,1634,788,846,674
523971324,1121,533,588,464
523971331,876,432,444,309
523971332,1965,952,1013,779
523971333,1609,841,768,614
523971334,748,384,364,353
523971341,1908,928,980,831
523971342,2147,1082,1065,930
523971343,2137,1051,1086,873
523971344,2156,1082,1074,856
523971351,608,298,310,233
523971352,1369,688,681,550
523971353,1054,539,515,450
523971354,891,460,431,325
523971361,1439,656,783,522
523971362,393,181,212,155
523971363,1948,963,985,802
523971364,982,487,495,411
523971373,914,441,473,358
523971374,522,246,276,198
523971383,18,11,7,4
523971401,384,193,191,160
523971402,324,163,161,114
523971403,1032,489,543,364
523971404,1708,833,875,668
523971411,1093,538,555,384
523971412,1110,560,550,455
523971413,1567,775,792,591
523971414,2048,1027,1021,827
523971421,2178,1012,1166,958
523971422,1298,583,715,613
523971423,1698,827,871,652
523971424,26,11,15,8
523971431,1034,517,517,395
523971432,489,245,244,186
523971433,724,372,352,252
523971434,1068,578,490,470
523971441,1772,882,890,636
523971442,1898,956,942,751
523971443,1461,726,735,563
523971444,1760,922,838,669
523971451,763,378,385,306
523971452,1713,821,892,656
523971453,875,453,422,349
523971454,165,116,49,102
523971461,1753,889,864,667
523971462,476,221,255,185
523971463,766,409,357,293
523971464,107,55,52,42
523971471,33,18,15,9
523971472,492,231,261,183
523971481,951,472,479,400
523971482,155,76,79,56
523971483,231,113,118,75
523971484,1069,530,539,415
523971493,797,403,394,313
523971494,43,22,21,19
523971501,1612,792,820,586
523971502,1565,748,817,600
523971503,1805,854,951,713
523971504,1215,582,633,446
523971511,1816,887,929,738
523971512,1965,955,1010,845
523971513,1234,588,646,490
523971514,1187,564,623,462
523971521,1486,723,763,617
523971522,262,131,131,125
523971523,982,468,514,402
523971524,379,188,191,115
523971531,657,342,315,250
523971532,1440,699,741,466
523971533,204,107,97,66
523971534,166,86,80,47
523971541,244,128,116,74
523971542,1412,688,724,483
523971543,927,459,468,316
523971544,1681,823,858,580
523971551,1088,548,540,375
523971552,354,177,177,110
523971553,408,200,208,132
523971554,321,167,154,99
523971561,199,93,106,56
523971571,4,3,1,1
523971573,13,4,9,3
523971574,160,79,81,48
523971581,95,47,48,28
523971582,1485,757,728,553
523971583,965,471,494,372
523971584,926,447,479,337
523971591,1076,521,555,409
523971592,1424,719,705,555
523971593,226,104,122,78
523971594,529,260,269,180
523971601,1221,602,619,453
523971602,614,302,312,211
523971603,1820,882,938,645
523971604,1217,572,645,453
523971611,233,129,104,98
523971612,1262,624,638,509
523971613,1290,624,666,484
523971614,1248,611,637,446
523971621,33,17,16,10
523971622,202,101,101,75
523971624,9,5,4,4
523971631,93,55,38,42
523971632,296,151,145,93
523971633,255,119,136,77
523971634,119,62,57,36
523971641,1092,581,511,337
523971642,1767,843,924,482
523971643,234,108,126,83
523971644,757,383,374,264
523971651,457,226,231,143
523971652,165,86,79,44
523971653,421,207,214,135
523971654,9,5,4,3
523971663,40,20,20,1
523971664,16,9,7,5
523971671,55,34,21,13
523971672,171,46,125,15
523971673,95,48,47,32
523971674,73,39,34,27
523971681,1065,518,547,346
523971682,86,39,47,25
523971683,315,154,161,110
523971684,182,85,97,65
523971691,639,323,316,234
523971692,688,358,330,230
523971693,1690,803,887,674
523971694,907,432,475,341
523971701,302,140,162,108
523971702,1640,782,858,638
523971703,161,76,85,56
523971704,543,255,288,195
523971711,2158,1048,1110,874
523971712,1404,668,736,528
523971713,1276,604,672,483
523971714,272,141,131,103
523971721,432,207,225,251
523971722,272,124,148,75
523971723,295,138,157,113
523971724,54,26,28,17
523971731,301,151,150,101
523971733,360,175,185,121
523971734,149,70,79,47
523971741,318,147,171,102
523971742,68,33,35,22
523971743,143,69,74,36
523971751,10,5,5,2
523971771,94,49,45,23
523971772,135,69,66,42
523971773,21,10,11,9
523971774,194,94,100,69
523971781,522,255,267,171
523971782,1667,819,848,686
523971783,213,112,101,65
523971784,158,79,79,56
523971791,1175,550,625,479
523971792,1509,690,819,567
523971793,1201,562,639,549
523971794,971,454,517,307
523971801,163,83,80,53
523971802,449,223,226,143
523971803,289,145,144,100
523971804,994,489,505,405
523971811,119,58,61,44
523971813,254,120,134,98
523971814,195,81,114,45
523971821,444,211,233,133
523971822,530,265,265,195
523971823,1254,630,624,400
523971824,1084,543,541,396
523971831,762,376,386,251
523971832,144,76,68,31
523971833,711,345,366,284
523971834,7,3,4,2
523971854,127,55,72,34
523971863,17,5,12,4
523971864,49,25,24,13
523971871,186,99,87,64
523971872,733,372,361,247
523971873,536,265,271,186
523971874,638,328,310,239
523971881,159,76,83,53
523971883,35,15,20,10
523971884,9,4,5,4
523971891,232,123,109,76
523971892,221,110,111,80
523971893,315,160,155,106
523971901,761,378,383,262
523971902,1736,902,834,767
523971903,753,385,368,276
523971904,731,352,379,270
523971911,311,144,167,114
523971912,144,67,77,45
523971913,14,5,9,6
523971914,1589,780,809,550
523971921,347,172,175,99
523971922,761,372,389,259
523971923,1234,643,591,420
523971924,519,280,239,234
523971931,73,32,41,27
523971932,3,1,2,1
523971933,316,165,151,87
523971934,50,26,24,14
523971943,2,1,1,1
523971944,93,43,50,25
523971952,9,6,3,4
523971962,20,10,10,7
523971963,43,19,24,11
523971964,68,34,34,22
523971971,171,89,82,50
523971972,101,48,53,31
523971973,171,82,89,56
523971974,132,63,69,36
523971982,139,68,71,47
523971983,28,16,12,10
523971984,241,114,127,86
523971991,16,11,5,6
523972501,684,345,339,269
523972502,149,71,78,56
523972503,762,366,396,335
523972504,1278,609,669,575
523972513,1336,649,687,500
523972514,16,7,9,6
523972601,614,310,304,237
523972602,1441,689,752,580
523972603,1167,589,578,480
523972604,1482,723,759,560
523972611,1297,616,681,500
523972612,963,439,524,335
523972613,857,410,447,304
523972614,754,363,391,278
523972621,887,435,452,316
523972622,672,340,332,270
523972623,1700,840,860,643
523972624,1299,628,671,451
523972631,359,175,184,132
523972632,246,118,128,96
523972633,522,255,267,197
523972634,763,386,377,279
523972641,6,2,4,3
523972643,1009,481,528,403
523972644,491,235,256,200
523972653,709,351,358,278
523972701,680,340,340,277
523972702,1494,736,758,529
523972703,463,233,230,139
523972704,431,222,209,151
523972711,1274,602,672,467
523972712,1172,562,610,443
523972713,142,69,73,58
523972714,239,123,116,61
523972721,1259,617,642,452
523972722,1114,537,577,370
523972723,1147,625,522,535
523972724,20,15,5,7
523972731,222,106,116,77
523972732,218,105,113,84
523972734,193,93,100,79
523972741,1654,813,841,618
523972742,1421,667,754,573
523972743,218,104,114,86
523972744,735,343,392,277
523972751,1591,788,803,617
523972752,739,359,380,298
523972753,987,480,507,391
523972754,2308,1150,1158,885
523972761,1,1,0,1
523972763,1599,723,876,565
523972764,1106,545,561,429
523972773,1135,556,579,457
523972774,515,246,269,187
523972783,183,84,99,72
523972784,272,136,136,106
523972793,182,97,85,83
523972801,826,402,424,274
523972802,59,31,28,17
523972803,24,10,14,9
523972804,131,63,68,41
523972811,11,5,6,4
523972812,15,6,9,7
523972813,110,56,54,39
523972814,14,8,6,5
523972821,212,89,123,68
523972822,18,11,7,6
523972823,131,64,67,48
523972824,230,116,114,74
523972833,17,11,6,5
523972834,83,21,62,1
523972841,3,2,1,1
523972842,131,68,63,49
523972843,256,101,155,69
523972844,119,55,64,40
523972851,118,61,57,50
523972852,1136,547,589,437
523972853,19,11,8,6
523972854,155,77,78,57
523972861,1290,648,642,483
523972862,3060,1468,1592,1151
523972863,927,452,475,354
523972864,1714,850,864,672
523972871,3923,1971,1952,1601
523972872,3372,1647,1725,1305
523972873,1520,739,781,618
523972874,3410,1659,1751,1454
523972881,3239,1511,1728,1226
523972882,2287,1108,1179,939
523972883,2565,1278,1287,1087
523972884,2280,1107,1173,945
523972891,1617,817,800,601
523972893,1507,732,775,531
523972894,18,8,10,7
523972901,53,23,30,20
523972902,220,103,117,64
523972904,38,30,8,38
523972911,100,25,75,4
523972922,21,13,8,7
523972931,192,86,106,65
523972932,182,91,91,76
523972933,27,13,14,9
523972934,221,109,112,65
523972941,1877,950,927,637
523972942,1333,683,650,426
523972943,2542,1226,1316,841
523972944,2552,1283,1269,1100
523972951,1126,569,557,436
523972952,1966,987,979,777
523972953,3698,1748,1950,1430
523972954,1894,960,934,765
523972961,1122,569,553,455
523972962,1999,1033,966,841
523972963,1527,755,772,627
523972964,2613,1259,1354,1069
523972971,2517,1267,1250,1026
523972972,2491,1218,1273,1245
523972973,3103,1559,1544,1420
523972974,4917,2431,2486,2383
523972981,3048,1498,1550,1491
523972982,2019,1005,1014,796
523972983,3462,1782,1680,1658
523972984,2513,1347,1166,1161
523972991,124,67,57,51
523972992,101,34,67,15
523972993,412,227,185,169
523972994,820,420,400,313
523973574,2,1,1,1
523973583,77,34,43,36
523973584,35,16,19,18
523973681,114,55,59,39
523973682,162,79,83,67
523973684,388,190,198,199
523973693,204,101,103,81
523973694,781,366,415,295
523973704,2,1,1,1
523973714,9,4,5,3
523973774,344,158,186,157
523973781,728,356,372,369
523973782,2476,1177,1299,1127
523973783,2336,1128,1208,972
523973784,2556,1218,1338,1063
523973791,2678,1233,1445,1131
523973792,2298,1115,1183,952
523973793,1273,612,661,515
523973794,2200,1054,1146,887
523973801,191,99,92,73
523973802,2745,1316,1429,1128
523973803,562,278,284,208
523973804,3876,1868,2008,1774
523973811,1473,720,753,502
523973812,1747,878,869,731
523973813,2727,1359,1368,1195
523973814,3354,1680,1674,1437
523973821,755,361,394,332
523973822,1421,688,733,553
523973823,2925,1436,1489,1279
523973824,2959,1427,1532,1250
523973831,1447,698,749,577
523973832,368,175,193,138
523973833,2870,1440,1430,1183
523973834,2428,1159,1269,931
523973842,188,97,91,65
523973843,2528,1231,1297,928
523973844,3346,1647,1699,1260
523973853,1685,822,863,817
523973854,1572,763,809,741
523973861,448,224,224,168
523973862,1617,797,820,597
523973863,3484,1709,1775,1315
523973864,3218,1554,1664,1207
523973871,2530,1229,1301,1021
523973872,2717,1278,1439,1187
523973873,3057,1456,1601,1238
523973874,2434,1118,1316,1085
523973881,2227,987,1240,864
523973882,2989,1461,1528,1149
523973883,2290,1042,1248,915
523973884,2538,1213,1325,976
523973891,1600,726,874,635
523973892,1835,854,981,755
523973893,1812,855,957,717
523973894,1602,711,891,669
523973901,726,337,389,215
523973902,2581,1270,1311,950
523973903,1910,981,929,762
523973904,1718,842,876,606
523973911,2140,1061,1079,952
523973912,3214,1612,1602,1373
523973913,2351,1176,1175,947
523973914,3025,1478,1547,1294
523973921,3108,1468,1640,1478
523973922,3101,1440,1661,1453
523973923,2454,1161,1293,1161
523973924,2736,1270,1466,1354
523973931,3510,1703,1807,1442
523973932,3471,1661,1810,1334
523973933,3066,1442,1624,1303
523973934,3683,1809,1874,1515
523973941,3349,1596,1753,1267
523973942,3169,1563,1606,1200
523973943,3238,1550,1688,1250
523973944,2844,1389,1455,1133
523973951,2858,1360,1498,1128
523973952,2986,1484,1502,1252
523973953,3407,1698,1709,1394
523973954,3101,1579,1522,1343
523973961,2121,1040,1081,859
523973962,2682,1306,1376,979
523973963,2590,1321,1269,1133
523973964,2632,1361,1271,1153
523973971,2038,998,1040,803
523973972,2748,1298,1450,1099
523973973,2344,1163,1181,851
523973974,2882,1346,1536,1218
523973981,2595,1243,1352,987
523973982,2722,1288,1434,1186
523973983,2657,1285,1372,1134
523973984,3141,1506,1635,1436
523973991,1912,921,991,758
523973992,268,126,142,102
523973993,481,228,253,218
523973994,3353,1687,1666,1322
523974062,47,24,23,21
523974063,78,35,43,32
523974064,130,67,63,57
523974071,451,212,239,205
523974072,40,22,18,16
523974073,29,15,14,11
523974081,24,12,12,9
523974082,28,13,15,9
523974084,614,286,328,252
523974153,30,15,15,10
523974154,72,38,34,35
523974161,303,140,163,122
523974162,1434,678,756,545
523974163,774,363,411,315
523974164,2170,1002,1168,828
523974171,706,353,353,270
523974172,210,105,105,80
523974173,1416,662,754,516
523974174,640,293,347,218
523974181,45,22,23,20
523974182,4,2,2,2
523974183,421,175,246,124
523974184,214,105,109,98
523974191,3,2,1,2
523974193,323,162,161,121
523974194,202,96,106,76
523974251,132,61,71,56
523974252,816,359,457,265
523974254,1560,736,824,621
523974261,216,105,111,83
523974262,1273,608,665,492
523974263,1894,877,1017,717
523974264,823,390,433,323
523974271,1420,669,751,532
523974272,521,245,276,190
523974273,201,89,112,76
523974274,105,47,58,45
523974281,161,78,83,60
523974282,366,181,185,132
523974284,13,7,6,4
523974291,198,96,102,78
523974292,76,38,38,25
523974352,1430,650,780,515
523974354,497,249,248,209
523974361,1527,712,815,585
523974362,170,76,94,66
523974363,1123,518,605,447
523974364,322,153,169,113
523974373,400,183,217,155
523974374,27,12,15,9
523974452,693,320,373,308
523974454,492,244,248,215
523974461,639,315,324,260
523974462,938,450,488,352
523974463,1352,656,696,564
523974464,909,433,476,356
523974471,1340,659,681,511
523974472,53,33,20,14
523974473,2242,1053,1189,873
523974474,869,406,463,376
523974483,669,324,345,270
523974484,236,99,137,94
523974493,491,222,269,169
523974541,112,55,57,59
523974542,173,82,91,81
523974543,516,237,279,264
523974544,1352,605,747,594
523974551,169,80,89,73
523974552,1618,760,858,677
523974553,955,460,495,366
523974554,2838,1349,1489,1163
523974561,2161,1000,1161,938
523974562,2280,1077,1203,965
523974563,1817,825,992,803
523974564,2066,948,1118,893
523974571,1448,651,797,528
523974572,574,264,310,249
523974573,2320,1123,1197,989
523974574,1718,815,903,762
523974581,769,348,421,312
523974582,1340,654,686,470
523974583,2133,1015,1118,942
523974584,1418,658,760,584
523974591,746,351,395,279
523974592,440,206,234,151
523974593,744,368,376,285
523974594,1529,760,769,631
523974603,695,279,416,170
523974604,1056,490,566,441
523974611,126,37,89,27
523974612,282,113,169,134
523974613,549,258,291,228
523974614,904,416,488,368
523974621,61,28,33,25
523974623,1027,496,531,437
523974624,462,174,288,144
523974634,428,207,221,155
523974641,358,169,189,164
523974642,1907,904,1003,768
523974643,1963,939,1024,813
523974644,1094,518,576,433
523974651,2450,1182,1268,978
523974652,1846,858,988,758
523974653,1295,623,672,486
523974654,1495,700,795,569
523974661,1354,659,695,543
523974662,1162,549,613,484
523974663,1016,510,506,402
523974664,71,34,37,26
523974671,1155,544,611,473
523974672,2878,1358,1520,1172
523974673,290,134,156,115
523974674,2278,1086,1192,902
523974681,767,356,411,322
523974682,69,31,38,35
523974683,483,224,259,163
523974691,497,253,244,173
523974692,880,440,440,372
523974693,1027,487,540,380
523974694,1169,551,618,473
523974701,1082,519,563,435
523974702,950,447,503,370
523974703,1686,826,860,694
523974704,538,254,284,229
523974711,1717,797,920,689
523974712,1830,852,978,704
523974713,972,434,538,382
523974714,892,402,490,363
523974721,624,278,346,277
523974722,1526,696,830,675
523974723,508,223,285,210
523974724,933,420,513,380
523974731,1304,594,710,555
523974732,2069,942,1127,888
523974733,1654,744,910,705
523974734,2294,1043,1251,1029
523974741,2586,1178,1408,1081
523974742,1366,643,723,541
523974743,2041,917,1124,926
523974744,1250,593,657,540
523974751,150,70,80,59
523974752,1740,823,917,671
523974753,726,327,399,278
523974754,977,445,532,405
523974761,809,391,418,309
523974763,876,359,517,321
523974772,81,40,41,30
523974782,365,168,197,136
523974784,2725,1296,1429,1014
523974791,2049,986,1063,771
523974792,1933,972,961,870
523974793,2260,1121,1139,901
523974794,1990,1016,974,796
523974801,1627,750,877,660
523974802,1624,746,878,673
523974803,1878,869,1009,759
523974804,1175,582,593,477
523974811,665,304,361,269
523974812,901,395,506,336
523974813,1415,682,733,566
523974814,1044,506,538,426
523974821,939,444,495,394
523974822,601,281,320,260
523974823,1231,574,657,487
523974824,306,137,169,132
523974831,1135,534,601,463
523974832,1465,644,821,616
523974833,897,432,465,374
523974834,467,202,265,210
523974841,1145,518,627,519
523974842,574,253,321,237
523974843,1906,810,1096,815
523974844,1488,682,806,666
523974851,465,214,251,197
523974852,762,335,427,310
523974853,1205,549,656,498
523974854,1159,542,617,479
523974861,805,373,432,355
523974862,51,23,28,26
523974863,412,194,218,163
523974864,180,91,89,75
523974874,1528,723,805,553
523974881,356,176,180,131
523974882,3334,1634,1700,1361
523974883,1446,680,766,542
523974884,3282,1603,1679,1469
523974891,3148,1562,1586,1218
523974892,2833,1448,1385,1384
523974893,2896,1445,1451,1326
523974894,1921,963,958,995
523974901,998,503,495,419
523974902,1626,784,842,653
523974903,1492,764,728,614
523974904,1390,683,707,557
523974911,894,437,457,351
523974912,2198,1048,1150,881
523974913,1668,798,870,703
523974914,1386,666,720,574
523974921,1721,808,913,685
523974922,517,240,277,240
523974923,1649,759,890,652
523974924,1125,493,632,451
523974931,410,199,211,179
523974932,742,339,403,301
523974933,559,259,300,216
523974934,151,69,82,66
523974941,731,334,397,296
523974942,629,282,347,250
523974943,280,143,137,149
523974944,368,172,196,152
523974951,713,326,387,297
523974952,698,332,366,307
523974953,638,309,329,264
523974954,170,82,88,72
523974961,57,31,26,24
523974962,54,28,26,21
523974972,1330,652,678,487
523974973,2,1,1,1
523974974,612,316,296,250
523974981,2318,1151,1167,949
523974982,1790,914,876,809
523974983,2968,1493,1475,1232
523974984,3663,1855,1808,1475
523974991,2774,1419,1355,1465
523974992,3230,1626,1604,1714
523974993,1826,929,897,752
523974994,1893,915,978,953
523975004,27,11,16,8
523975011,40,18,22,20
523975012,501,254,247,194
523975013,871,400,471,401
523975014,1669,833,836,659
523975021,1383,648,735,517
523975022,751,360,391,294
523975023,2542,1253,1289,941
523975024,2864,1379,1485,1151
523975031,2537,1224,1313,1047
523975032,2333,1185,1148,907
523975033,2688,1324,1364,1140
523975034,2675,1245,1430,1197
523975041,2378,1217,1161,990
523975042,3444,1683,1761,1589
523975043,1712,867,845,730
523975044,1857,926,931,759
523975051,1980,987,993,685
523975052,2970,1481,1489,930
523975053,1882,901,981,723
523975054,1972,981,991,699
523975061,2396,1189,1207,803
523975062,1620,826,794,677
523975063,2380,1167,1213,964
523975064,2401,1178,1223,953
523975071,1609,782,827,694
523975072,3865,1902,1963,1434
523975073,2456,1193,1263,1035
523975074,819,553,266,226
523975081,2154,1089,1065,820
523975082,1335,656,679,490
523975083,1859,1104,755,511
523975084,822,390,432,306
523975091,218,102,116,80
523975093,95,43,52,31
523975101,22,10,12,10
523975102,241,116,125,85
523975103,527,260,267,199
523975104,395,193,202,158
523975111,1392,674,718,556
523975112,2368,1114,1254,1006
523975113,1222,570,652,446
523975114,2071,1022,1049,880
523975121,3054,1486,1568,1255
523975122,2578,1234,1344,1126
523975123,3273,1554,1719,1152
523975124,3069,1461,1608,1276
523975131,2272,1110,1162,1005
523975132,2109,1001,1108,857
523975133,1677,822,855,708
523975134,2380,1168,1212,1021
523975141,2545,1255,1290,1050
523975142,3125,1485,1640,1345
523975143,1448,716,732,629
523975144,1826,864,962,818
523975151,2207,1066,1141,951
523975152,2506,1206,1300,1051
523975153,2034,955,1079,950
523975154,1523,716,807,626
523975161,2189,1070,1119,889
523975162,1708,807,901,663
523975163,548,262,286,209
523975164,552,272,280,216
523975171,2040,1175,865,651
523975172,330,299,31,6
523975173,239,116,123,93
523975174,35,16,19,14
523975181,397,333,64,34
523975182,1315,696,619,579
523975183,672,274,398,167
523975184,4,2,2,1
523975191,29,15,14,10
523975201,28,16,12,10
523975202,144,69,75,56
523975204,25,13,12,9
523975211,1139,560,579,402
523975212,1795,881,914,641
523975213,370,189,181,112
523975214,1029,486,543,360
523975221,1798,869,929,711
523975222,1878,900,978,760
523975223,2185,1043,1142,831
523975224,2524,1224,1300,957
523975231,1233,580,653,526
523975232,2468,1185,1283,1167
523975233,2243,1120,1123,948
523975234,2350,1121,1229,1061
523975241,2490,1178,1312,1175
523975242,1515,746,769,662
523975243,4616,2239,2377,2076
523975244,2748,1367,1381,970
523975251,40,20,20,18
523975302,10,5,5,4
523975303,39,22,17,19
523975304,139,68,71,67
523975311,13,7,6,6
523975312,317,157,160,131
523975313,690,336,354,268
523975314,1086,480,606,414
523975321,1176,582,594,514
523975322,1595,774,821,755
523975323,1836,883,953,814
523975324,1430,698,732,724
523975331,2451,1195,1256,1161
523975332,1895,923,972,896
523975333,2554,1204,1350,1190
523975334,1417,657,760,719
523975341,2916,1449,1467,1488
523975342,1,0,1,1
523975343,713,343,370,350
523975401,165,78,87,73
523975402,458,241,217,190
523975403,464,211,253,183
523975404,1383,664,719,601
523975411,776,365,411,323
523975412,1550,769,781,644
523975413,880,436,444,374
523975414,1110,628,482,421
523975421,3754,2922,832,581
523975422,591,572,19,26
523975423,321,304,17,9
523975431,78,40,38,38
523975432,855,390,465,445
523975441,29,15,14,13
523975501,1403,695,708,541
523975502,908,543,365,326
523975503,1708,827,881,583
523975504,168,167,1,4
523975511,468,239,229,210
523975512,473,329,144,124
523975514,2,1,1,1
523975601,2665,1286,1379,1055
523975602,361,291,70,58
523975603,2948,1447,1501,1088
523975604,1915,937,978,750
523975611,556,555,1,12
523975613,265,121,144,103
523975701,2253,1204,1049,1057
523975702,1945,1000,945,797
523975703,2348,1209,1139,1053
523975704,1819,1108,711,1057
523975711,15,9,6,5
523975713,30,19,11,14
523975801,3676,1853,1823,1624
523975802,1636,845,791,606
523975803,2949,1499,1450,1330
523975804,556,276,280,235
523975811,1,1,0,1
523975901,1030,510,520,483
523975902,1506,785,721,690
523975903,3220,1570,1650,1532
523975904,1488,730,758,645
523976091,234,111,123,84
523976092,158,77,81,66
523976093,141,76,65,46
523976094,88,43,45,33
523976191,17,11,6,5
523976192,69,33,36,19
523976193,1,0,1,1
523976194,26,12,14,8
523976282,66,33,33,19
523976283,73,34,39,27
523976284,172,84,88,53
523976291,142,68,74,46
523976292,18,9,9,8
523976293,103,51,52,40
523976294,6,4,2,2
523976381,454,218,236,161
523976382,338,164,174,119
523976383,488,230,258,160
523976384,432,214,218,153
523976391,237,122,115,83
523976392,13,5,8,4
523976393,68,32,36,25
523976394,54,29,25,13
523976474,81,36,45,31
523976481,261,125,136,96
523976482,577,261,316,212
523976483,330,164,166,136
523976484,634,325,309,259
523976491,119,57,62,43
523976492,48,28,20,13
523976493,68,36,32,20
523976494,191,94,97,51
523976564,17,7,10,5
523976571,20,9,11,6
523976572,286,140,146,110
523976573,178,90,88,46
523976574,179,83,96,66
523976581,401,191,210,143
523976582,536,264,272,225
523976583,268,151,117,117
523976584,705,344,361,284
523976591,265,128,137,87
523976592,384,184,200,118
523976593,452,228,224,153
523976594,230,118,112,81
523976653,86,40,46,28
523976654,366,181,185,126
523976662,71,42,29,22
523976663,309,110,199,68
523976664,127,60,67,39
523976671,126,58,68,33
523976672,68,36,32,23
523976673,28,14,14,9
523976674,22,9,13,9
523976681,22,8,14,8
523976682,207,107,100,71
523976683,43,20,23,10
523976684,43,25,18,13
523976691,222,111,111,76
523976692,97,44,53,26
523976693,40,22,18,14
523976694,53,30,23,15
523976742,46,23,23,20
523976744,152,82,70,58
523976751,727,360,367,277
523976752,857,484,373,383
523976753,972,475,497,344
523976754,933,445,488,313
523976761,186,103,83,70
523976762,131,72,59,34
523976763,241,118,123,69
523976764,180,80,100,56
523976771,75,38,37,21
523976772,60,28,32,21
523976773,59,30,29,19
523976774,18,9,9,7
523976781,48,21,27,14
523976782,104,47,57,31
523976783,131,64,67,41
523976784,117,59,58,42
523976791,35,14,21,9
523976792,22,9,13,8
523976793,67,15,52,5
523976852,36,15,21,13
523976861,75,40,35,24
523976862,144,68,76,52
523976871,394,191,203,117
523976872,119,53,66,43
523976873,753,393,360,254
523976874,841,427,414,300
523976881,23,12,11,11
523976882,335,175,160,111
523976883,743,408,335,321
523976884,842,440,402,313
523976891,209,105,104,77
523976892,49,22,27,15
523976893,549,276,273,213
523976894,122,57,65,37
523976971,143,105,38,96
523976972,1007,539,468,403
523976974,355,199,156,148
523976981,884,447,437,327
523976982,902,461,441,332
523976983,1328,701,627,560
523976984,804,415,389,296
523976991,467,313,154,284
523976992,78,37,41,26
523976993,398,204,194,143
523976994,1019,540,479,403
523977001,55,31,24,20
523977002,37,17,20,16
523977003,82,37,45,23
523977004,55,27,28,17
523977011,20,11,9,4
523977013,22,11,11,8
523977021,9,4,5,4
523977023,23,11,12,7
523977051,16,9,7,7
523977064,46,22,24,13
523977071,9,6,3,3
523977073,15,5,10,8
523977091,7,5,2,2
523977092,152,62,90,46
523977093,33,21,12,9
523977094,102,52,50,33
523977101,261,119,142,91
523977102,210,108,102,77
523977103,232,113,119,81
523977104,113,56,57,37
523977111,178,97,81,65
523977112,90,44,46,30
523977113,162,85,77,63
523977114,95,36,59,22
523977121,25,12,13,7
523977122,20,11,9,6
523977123,35,16,19,14
523977124,48,22,26,17
523977163,4,2,2,2
523977181,26,12,14,12
523977182,12,10,2,9
523977191,22,10,12,6
523977192,127,60,67,33
523977193,63,32,31,16
523977201,34,17,17,11
523977202,10,4,6,4
523977203,13,6,7,4
523977204,15,6,9,5
523977211,33,17,16,9
523977212,36,19,17,12
523977213,24,12,12,8
523977214,30,17,13,10
523977221,14,8,6,4
523977222,19,10,9,7
523977223,28,14,14,9
523977224,3,1,2,1
523977231,7,4,3,4
523977232,17,7,10,4
523977233,43,25,18,11
523977234,34,17,17,11
523977243,32,17,15,9
523977252,7,3,4,3
523977261,4,3,1,2
523977291,126,67,59,39
523977292,119,60,59,36
523977293,19,10,9,6
523977294,29,19,10,12
523977301,22,8,14,6
523977302,10,3,7,3
523977303,94,41,53,27
523977304,50,27,23,14
523977311,17,8,9,4
523977313,58,24,34,17
523977314,49,21,28,11
523977321,10,5,5,2
523977322,7,4,3,4
523977323,5,3,2,2
523977324,3,1,2,1
523977332,7,4,3,4
523977333,11,6,5,3
523977334,30,15,15,10
523977341,5,1,4,2
523977342,19,10,9,6
523977343,42,12,30,8
523977344,12,7,5,4
523977351,31,17,14,14
523977352,1,1,0,1
523977353,19,9,10,5
523977354,91,58,33,3
523977361,7,2,5,2
523977363,35,15,20,10
523977364,12,7,5,5
523977373,26,15,11,7
523977374,27,13,14,7
523977381,71,38,33,20
523977382,165,78,87,42
523977383,60,32,28,16
523977384,59,27,32,16
523977391,54,24,30,15
523977392,41,20,21,13
523977393,95,50,45,29
523977394,6,4,2,3
523977401,128,66,62,44
523977402,98,51,47,32
523977403,44,18,26,15
523977404,19,10,9,9
523977411,118,54,64,18
523977412,62,32,30,18
523977413,64,31,33,17
523977414,31,15,16,8
523977421,36,17,19,10
523977422,20,10,10,4
523977423,35,15,20,9
523977424,2,1,1,1
523977431,27,13,14,8
523977432,7,3,4,3
523977433,46,25,21,13
523977434,46,24,22,11
523977441,49,21,28,12
523977442,18,12,6,6
523977443,40,18,22,10
523977444,48,25,23,17
523977451,26,12,14,7
523977452,43,20,23,14
523977453,66,29,37,19
523977454,32,16,16,9
523977461,1,1,0,1
523977462,2,1,1,1
523977463,25,12,13,8
523977464,13,8,5,3
523977471,26,7,19,8
523977472,52,26,26,17
523977473,54,28,26,15
523977481,86,50,36,30
523977482,91,48,43,26
523977483,61,29,32,23
523977484,175,80,95,56
523977491,115,61,54,35
523977492,20,10,10,6
523977493,189,101,88,64
523977494,16,6,10,7
523977501,31,15,16,8
523977502,8,5,3,3
523977503,98,53,45,27
523977504,68,33,35,23
523977511,39,17,22,12
523977512,20,9,11,6
523977513,68,32,36,23
523977514,35,17,18,10
523977521,3,1,2,1
523977524,43,21,22,14
523977531,77,38,39,22
523977532,22,11,11,5
523977533,41,17,24,12
523977534,32,17,15,7
523977541,39,18,21,12
523977542,15,8,7,4
523977543,579,300,279,214
523977544,38,17,21,10
523977551,34,19,15,10
523977552,21,14,7,6
523977553,103,57,46,29
523977554,327,162,165,100
523977561,94,54,40,31
523977562,157,77,80,50
523977563,235,108,127,79
523977564,250,126,124,86
523977571,99,48,51,36
523977572,14,7,7,5
523977573,90,42,48,26
523977574,91,47,44,30
523977581,45,24,21,19
523977582,94,44,50,32
523977583,147,77,70,47
523977584,55,31,24,19
523977591,139,71,68,46
523977592,11,7,4,4
523977593,40,16,24,12
523977594,14,8,6,4
523977601,50,22,28,17
523977602,106,59,47,32
523977603,43,21,22,17
523977604,30,13,17,7
523977614,5,3,2,2
523977621,29,13,16,9
523977622,98,46,52,33
523977623,18,10,8,7
523977624,41,25,16,20
523977631,32,14,18,11
523977632,89,48,41,25
523977633,475,234,241,157
523977634,1303,786,517,584
523977641,830,425,405,302
523977642,69,31,38,28
523977643,533,279,254,171
523977644,63,32,31,19
523977651,71,37,34,25
523977652,380,180,200,134
523977653,31,12,19,10
523977654,547,284,263,179
523977661,725,347,378,282
523977662,462,219,243,183
523977663,368,170,198,112
523977664,334,159,175,125
523977671,479,232,247,154
523977672,241,115,126,77
523977673,115,53,62,35
523977674,33,16,17,9
523977681,142,68,74,43
523977682,72,29,43,22
523977683,35,16,19,11
523977684,57,25,32,14
523977691,38,17,21,11
523977692,27,14,13,8
523977693,94,47,47,32
523977694,28,10,18,8
523977701,90,41,49,31
523977702,76,39,37,23
523977704,17,8,9,6
523977711,16,7,9,4
523977712,42,22,20,12
523977713,72,34,38,20
523977714,62,28,34,20
523977721,22,12,10,7
523977722,50,24,26,17
523977723,53,26,27,12
523977724,107,57,50,26
523977731,959,574,385,429
523977732,1144,578,566,370
523977733,342,172,170,113
523977734,1553,776,777,605
523977741,64,33,31,25
523977742,74,37,37,28
523977743,235,115,120,70
523977744,75,26,49,11
523977751,114,62,52,33
523977752,66,31,35,19
523977753,60,33,27,17
523977754,56,26,30,17
523977761,27,9,18,6
523977762,184,89,95,63
523977763,153,75,78,42
523977764,104,45,59,31
523977771,99,52,47,28
523977772,23,8,15,6
523977773,27,17,10,6
523977781,57,29,28,14
523977782,8,5,3,5
523977783,1,1,0,1
523977784,18,9,9,7
523977791,32,14,18,11
523977792,10,5,5,4
523977793,22,9,13,7
523977801,99,48,51,28
523977802,163,80,83,58
523977803,288,141,147,101
523977804,92,42,50,36
523977811,160,83,77,63
523977812,45,18,27,18
523977813,28,15,13,10
523977814,791,463,328,395
523977821,110,51,59,32
523977822,145,56,89,23
523977823,428,212,216,173
523977824,1023,520,503,387
523977831,1439,707,732,591
523977832,1586,739,847,605
523977833,2220,1095,1125,840
523977834,1726,891,835,628
523977841,518,261,257,200
523977842,41,18,23,14
523977843,821,405,416,325
523977844,737,411,326,328
523977851,52,28,24,18
523977852,29,14,15,9
523977853,463,225,238,169
523977871,36,17,19,9
523977874,2,1,1,1
523977891,5,3,2,2
523977901,100,84,16,78
523977902,168,77,91,58
523977903,659,396,263,338
523977904,1271,640,631,467
523977911,609,356,253,295
523977912,1324,666,658,534
523977913,1156,578,578,479
523977914,1139,567,572,525
523977921,1433,722,711,600
523977922,1227,631,596,514
523977923,830,430,400,409
523977924,1646,814,832,722
523977931,1310,652,658,498
523977932,1666,844,822,595
523977933,1710,918,792,724
523977934,1546,786,760,587
523977941,752,371,381,278
523977942,919,546,373,423
523977943,718,353,365,279
523977944,107,101,6,99
523977951,296,160,136,86
523977954,107,50,57,39
523977962,1,0,1,1
523977963,264,132,132,93
523977964,9,5,4,2
523977973,4,2,2,2
523977982,13,5,8,4
523977992,15,8,7,3
523977994,8,4,4,3
